    1      2           2.514117185          -3.039700607          -0.734835877           0.000899777           0.053282896           0.016886791          -0.414030255
    2      2           1.807826838          -3.463425409          -0.650500430           0.001021583           0.093553223           0.010919807          -0.408209827
    3      2           0.965709499          -3.723954030          -0.661304349           0.000188029           0.013001764           0.014461784          -0.396373498
    4      2           1.224573615          -3.654338204          -0.626696827           0.000124442           0.004648930           0.026767814          -0.400331592
    5      2           3.691165770          -0.709890494          -1.416289358           0.000814656           0.076149274           0.010698148          -0.391208335
    6      2           3.402010837          -1.947913092          -1.037352403           0.001711021           0.160944346           0.010631134          -0.406697823
    7      2           3.833256873          -1.339302176          -2.191991175           0.002454081           0.201971797           0.012150614          -0.386953632
    8      2           2.875205795          -2.896445973          -1.047560027           0.002047200           0.193555562           0.010576807          -0.407625807
    9      2           3.415596999          -2.624727094          -2.191991175           0.002726952           0.201971797           0.013501647          -0.387558119
   10      2           3.592448466          -1.971624200          -3.244718502           0.002357135           0.193880528           0.012157670          -0.376118218
   11      2           3.682211570          -1.308871641          -1.393236475           0.002121100           0.209982454           0.010101321          -0.395935649
   12      2           3.241962494          -2.527088113          -1.262211540           0.002348647           0.223655669           0.010501175          -0.403278190
   13      2           3.695674082          -2.005164236          -2.539577536           0.002696030           0.223753522           0.012049106          -0.383565320
   14      2           3.375144201           0.603697700          -1.829524934           0.000042648           0.001298609           0.032841095          -0.386905023
   15      2           3.153679982           1.012057634          -2.241833282           0.001134559           0.118755153           0.009553771          -0.392327508
   16      2           1.911881039           1.942973254          -2.838409286           0.000065844           0.001666134           0.039519313          -0.414644958
   17      2           2.452205010           1.537684313          -3.244718501           0.002107436           0.193880528           0.010869764          -0.398667873
   18      2           3.343109717           0.669521907          -1.865097555           0.000041522           0.001311204           0.031667062          -0.387459059
   19      2           2.397306871           1.694340469          -2.703711687           0.001467550           0.140034702           0.010479904          -0.407061238
   20      2           3.603851604           0.052564112          -1.712462369           0.000890895           0.118514899           0.007517155          -0.386203360
   21      2           3.833256873          -0.664048190          -2.609321089           0.002398502           0.201971797           0.011875429          -0.383439566
   22      2           3.415596999           0.621376728          -2.609321089           0.002063759           0.201971797           0.010218056          -0.387878194
   23      2           3.592448466          -1.322853130          -3.645681074           0.002337958           0.193880528           0.012058755          -0.373880498
   24      2           3.415596999          -0.089188690          -3.759040086           0.002509595           0.201971797           0.012425474          -0.378089157
   25      2           2.833543077           1.012817492          -3.645681073           0.002328850           0.193880528           0.012011778          -0.387728091
   26      2           3.695674082           0.001813870          -2.261734727           0.002171532           0.223753522           0.009705019          -0.385756960
   27      2           3.695674082          -0.677156317          -3.360331567           0.002653881           0.223753522           0.011860733          -0.378278887
   28      2           3.296585419           0.551112291          -3.360331567           0.002603488           0.223753522           0.011635518          -0.384608010
   29      2           1.835187057          -3.741515965          -1.155631190           0.002049637           0.193880528           0.010571648          -0.397848809
   30      2           0.606939354          -3.922891158          -0.975477054           0.001664927           0.193484038           0.008604986          -0.390243389
   31      2           1.283040215          -4.174120291          -2.191991175           0.002507790           0.201971796           0.012416533          -0.382638258
   32      2          -0.611036003          -3.802345798          -1.288605824           0.001074469           0.124568222           0.008625546          -0.386992125
   33      2          -0.068535528          -4.174120291          -2.191991175           0.002534301           0.201971796           0.012547797          -0.382704089
   34      2           0.607252343          -4.140496138          -3.244718502           0.002336560           0.193880528           0.012051547          -0.373535821
   35      2           1.252991364          -4.039220648          -1.440980697           0.002476212           0.223753522           0.011066695          -0.390112503
   36      2          -0.037470145          -3.994854468          -1.309854155           0.002057292           0.221317744           0.009295650          -0.386313251
   37      2           0.607252343          -4.249033974          -2.539577536           0.002666966           0.223753522           0.011919213          -0.379386369
   38      2           2.452205010          -3.541034679          -1.556593762           0.002439588           0.193880528           0.012582943          -0.394641916
   39      2           3.018692664          -3.171019045          -2.609321089           0.002569410           0.201971797           0.012721628          -0.381324862
   40      2           1.925244918          -3.965455334          -2.609321089           0.002527271           0.201971797           0.012512989          -0.379253001
   41      2           3.211110400          -2.496491021          -3.645681074           0.002282992           0.193880528           0.011775253          -0.370617074
   42      2           2.342904793          -3.390595835          -3.759040087           0.002363074           0.201971797           0.011700021          -0.367417968
   43      2           1.224270297          -3.940014852          -3.645681073           0.002256747           0.193880528           0.011639887          -0.368790871
   44      2           2.516001949          -3.628843632          -2.261734728           0.002712920           0.223753522           0.012124592          -0.384560826
   45      2           2.915090612          -3.079545212          -3.360331567           0.002609586           0.223753522           0.011662773          -0.372522332
   46      2           1.870262928          -3.838656958          -3.360331567           0.002593821           0.223753522           0.011592312          -0.371280609
   47      2          -1.713231215          -3.145849139          -1.637431150           0.000236430           0.021091732           0.011209594          -0.401526626
   48      2          -2.160181267          -2.684458550          -2.128278407           0.001976980           0.160888788           0.012287865          -0.408883440
   49      2          -2.612159751          -1.341376072          -2.691563933           0.000452138           0.017769655           0.025444368          -0.413069702
   50      2          -2.377943780          -1.971624200          -3.244718502           0.002232269           0.193880528           0.011513634          -0.398531751
   51      2          -1.929185824          -2.936856141          -1.779210755           0.000347851           0.022087575           0.015748735          -0.406330251
   52      2          -2.491904585          -1.952613173          -2.636413526           0.001989414           0.168470324           0.011808690          -0.410873964
   53      2          -1.276665640          -3.520105655          -1.580290810           0.001516119           0.167994349           0.009024820          -0.392968072
   54      2          -0.710740232          -3.965455334          -2.609321089           0.002462808           0.201971797           0.012193823          -0.382944018
   55      2          -1.804187977          -3.171019045          -2.609321089           0.002376579           0.201971797           0.011766888          -0.394507519
   56      2          -0.009765610          -3.940014852          -3.645681073           0.002314818           0.193880528           0.011939407          -0.372074415
   57      2          -1.128400106          -3.390595835          -3.759040087           0.002518125           0.201971797           0.012467708          -0.377878544
   58      2          -1.996605713          -2.496491021          -3.645681074           0.002387274           0.193880528           0.012313121          -0.388064560
   59      2          -1.301497263          -3.628843632          -2.261734728           0.002426072           0.223753522           0.010842611          -0.389962192
   60      2          -0.655758242          -3.838656958          -3.360331567           0.002665489           0.223753522           0.011912613          -0.377516105
   61      2          -1.700585926          -3.079545212          -3.360331567           0.002685676           0.223753522           0.012002832          -0.386576441
   62      2          -1.192906046           1.464030016          -3.516167637           0.000581047           0.061344513           0.009471863          -0.388648718
   63      2          -2.613441949          -0.855689624          -2.813517815           0.000669502           0.057872935           0.011568477          -0.409308577
   64      2          -2.377943780          -1.322853130          -3.645681074           0.002439810           0.193880528           0.012584087          -0.393931415
   65      2          -2.274989832          -0.065106126          -3.575456847           0.001884789           0.201971428           0.009331960          -0.391569288
   66      2          -1.604616554           1.025586737          -3.650649478           0.001537296           0.170408226           0.009021252          -0.386271406
   67      2          -2.483803541          -0.507192105          -3.275583716           0.002085903           0.223752363           0.009322374          -0.398433014
   68      2          -2.078029726           0.480403509          -3.476454083           0.001348017           0.156604756           0.008607766          -0.388493362
   69      2           1.814963075           1.975358953          -2.893952004           0.000128816           0.002088900           0.061666698          -0.415131055
   70      2          -0.632126481           1.720949515          -3.671833994           0.001687967           0.164618366           0.010253822          -0.393860796
   71      2           0.605744151           1.990930336          -3.669099354           0.002344972           0.195959716           0.011966603          -0.404127444
   72      2           1.835187057           1.738165599          -3.645681073           0.002195427           0.193880528           0.011323607          -0.399717784
   73      2           0.086653511           2.022533870          -3.471998625           0.001221592           0.124966396           0.009775363          -0.405032767
   74      2           1.391858838           2.021594684          -3.300028265           0.002278403           0.185255538           0.012298702          -0.411143237
   75      2           2.975430513          -2.172105486          -4.294452143           0.002165069           0.193880528           0.011167026          -0.364600314
   76      2           2.097604424          -3.052968842          -4.434294073           0.002203343           0.201971797           0.010909161          -0.360872103
   77      2           2.097604424          -1.903249843          -5.144859492           0.002100218           0.201971797           0.010398572          -0.357455482
   78      2           0.988590410          -3.615629318          -4.294452143           0.002131560           0.193880528           0.010994191          -0.363144780
   79      2           1.004156678          -2.697686132          -5.144859492           0.002074042           0.201971797           0.010268968          -0.356659485
   80      2           0.988590410          -1.526542004          -5.585579109           0.001968651           0.193880528           0.010153938          -0.357424717
   81      2           2.432663498          -2.415541252          -4.688339486           0.002297417           0.223753522           0.010267623          -0.359779406
   82      2           1.387835813          -3.174652999          -4.688339486           0.002273630           0.223753522           0.010161317          -0.358988849
   83      2           1.387835813          -2.076056159          -5.367309674           0.002166499           0.223753522           0.009682524          -0.355769310
   84      2           3.211110400          -1.446757379          -4.294452143           0.002229604           0.193880528           0.011499887          -0.367340654
   85      2           3.018692665          -0.218150726          -4.434294073           0.002469441           0.201971797           0.012226661          -0.372441418
   86      2           2.342904793          -1.148292935          -5.144859492           0.002205435           0.201971797           0.010919521          -0.361061081
   87      2           2.452205010           0.888913243          -4.294452143           0.002378874           0.193880528           0.012269792          -0.382375524
   88      2           1.925244919           0.137131984          -5.144859492           0.002417910           0.201971797           0.011971525          -0.369998281
   89      2           1.224270297          -0.801193897          -5.585579109           0.002067210           0.193880528           0.010662288          -0.360977232
   90      2           2.915090613          -0.930783260          -4.688339486           0.002488082           0.223753522           0.011119743          -0.366178404
   91      2           2.516001950           0.297485348          -4.688339486           0.002632815           0.223753522           0.011766587          -0.374331921
   92      2           1.870262929          -0.591298167          -5.367309674           0.002396072           0.223753522           0.010708535          -0.363032405
   93      2           0.225914276          -3.615629318          -4.294452143           0.002190153           0.193880528           0.011296405          -0.365643961
   94      2          -0.883099737          -3.052968842          -4.434294073           0.002439400           0.201971797           0.012077922          -0.371048344
   95      2           0.210348008          -2.697686132          -5.144859492           0.002162081           0.201971797           0.010704866          -0.359639768
   96      2          -1.760925827          -2.172105486          -4.294452143           0.002383584           0.193880528           0.012294086          -0.380419660
   97      2          -0.883099737          -1.903249843          -5.144859492           0.002381652           0.201971797           0.011792003          -0.367898843
   98      2           0.225914276          -1.526542004          -5.585579109           0.002047713           0.193880528           0.010561725          -0.360142232
   99      2          -0.173331127          -3.174652999          -4.688339486           0.002438415           0.223753522           0.010897770          -0.364537135
  100      2          -1.218158811          -2.415541252          -4.688339486           0.002603500           0.223753522           0.011635572          -0.372450658
  101      2          -0.173331127          -2.076056159          -5.367309674           0.002354683           0.223753522           0.010523558          -0.361524778
  102      2          -1.996605713          -1.446757379          -4.294452143           0.002395033           0.193880528           0.012353137          -0.383686811
  103      2          -1.804187978          -0.218150726          -4.434294073           0.002614786           0.201971797           0.012946295          -0.383035667
  104      2          -1.128400106          -1.148292935          -5.144859492           0.002461055           0.201971797           0.012185140          -0.371925193
  105      2          -1.237700324           0.888913243          -4.294452143           0.002185459           0.193880528           0.011272193          -0.384498145
  106      2          -0.710740232           0.137131984          -5.144859492           0.002506506           0.201971797           0.012410178          -0.375553828
  107      2          -0.009765610          -0.801193897          -5.585579109           0.002174073           0.193880528           0.011213469          -0.364842326
  108      2          -1.700585926          -0.930783260          -4.688339486           0.002697228           0.223753522           0.012054462          -0.379359670
  109      2          -1.301497263           0.297485348          -4.688339486           0.002636988           0.223753522           0.011785233          -0.380753798
  110      2          -0.655758242          -0.591298167          -5.367309674           0.002586880           0.223753522           0.011561295          -0.370255136
  111      2          -0.620682370           1.337203027          -4.294452143           0.002190856           0.193880528           0.011300031          -0.387249908
  112      2           0.607252343           1.533863221          -4.434294072           0.002583119           0.201971797           0.012789502          -0.389344069
  113      2          -0.068535528           0.603721013          -5.144859492           0.002512603           0.201971797           0.012440364          -0.376720217
  114      2           1.835187057           1.337203027          -4.294452143           0.002385542           0.193880528           0.012304188          -0.387758998
  115      2           1.283040215           0.603721013          -5.144859492           0.002485931           0.201971797           0.012308308          -0.374535642
  116      2           0.607252343          -0.352904113          -5.585579109           0.002184209           0.193880528           0.011265748          -0.365469949
  117      2          -0.038486678           1.215116251          -4.688339486           0.002653010           0.223753522           0.011856839          -0.384227347
  118      2           1.252991364           1.215116251          -4.688339486           0.002704416           0.223753522           0.012086584          -0.383660071
  119      2           0.607252343           0.326332737          -5.367309674           0.002604175           0.223753522           0.011638586          -0.371833211
  120      3          -1.828843092          -0.547414512           3.705340785           0.001864828           0.193836355           0.009620633          -0.397012972
  121      3          -1.490570807          -1.657006165           3.372867276           0.001077264           0.079205749           0.013600835          -0.411899031
  122      3          -1.472327982          -1.016859201           3.553377922           0.001258761           0.103082154           0.012211245          -0.407438750
  123      3          -2.007255740           0.005942841           3.705231405           0.001760266           0.193850421           0.009080536          -0.390905247
  124      3          -2.176403292           1.226659780           3.278237534           0.001629601           0.179018583           0.009102971          -0.386451001
  125      3          -2.356566638           2.141998525           2.447642224           0.001053197           0.118511647           0.008886862          -0.397034185
  126      3          -1.912964606           0.555410792           3.550755256           0.001320637           0.154080246           0.008571101          -0.387803298
  127      3          -2.152195103           1.689116174           2.923849637           0.000628433           0.062257379           0.010094106          -0.389458186
  128      3          -2.571576393          -1.130841428           3.726608336           0.002453441           0.193880528           0.012654398          -0.389988867
  129      3          -1.755269681          -2.124223126           3.225268022           0.002199577           0.201593705           0.010910941          -0.406517613
  130      3          -3.247364264          -2.087466554           3.285888718           0.002561715           0.201971797           0.012683529          -0.382003314
  131      3          -1.420278611          -2.862637794           2.431672231           0.001388104           0.120906599           0.011480796          -0.408685275
  132      3          -2.571576393          -3.017608763           2.575323299           0.002665637           0.201971797           0.013198064          -0.389430437
  133      3          -3.799511106          -2.820948568           2.435481369           0.002339628           0.193880528           0.012067368          -0.374550559
  134      3          -2.571576393          -1.810078278           3.508338900           0.002809123           0.223753522           0.012554543          -0.391288095
  135      3          -1.774327856          -2.610082218           2.865604154           0.002451429           0.223473077           0.010969682          -0.404616434
  136      3          -3.217315414          -2.698861792           2.829368712           0.002721946           0.223753522           0.012164931          -0.381844042
  137      3          -3.188594346          -0.682551644           3.726608336           0.002393121           0.193880528           0.012343278          -0.382023323
  138      3          -3.889568968          -1.620877525           3.285888718           0.002488780           0.201971797           0.012322416          -0.374198520
  139      3          -4.307228842          -0.335452607           3.285888718           0.002446375           0.201971797           0.012112459          -0.370704345
  140      3          -4.416529060          -2.372658785           2.435481369           0.002223052           0.193880528           0.011466094          -0.367505159
  141      3          -4.983016714          -1.265594816           2.575323299           0.002224168           0.201971797           0.011012271          -0.361752520
  142      3          -5.175434449          -0.036988162           2.435481370           0.002113525           0.193880528           0.010901172          -0.362540046
  143      3          -3.834586978          -0.892447374           3.508338900           0.002649944           0.223753522           0.011843138          -0.375156827
  144      3          -4.480325999          -1.781230889           2.829368712           0.002500341           0.223753522           0.011174534          -0.367052194
  145      3          -4.879414662          -0.552962281           2.829368713           0.002437115           0.223753522           0.010891964          -0.364180251
  146      3          -2.952914460           0.042796463           3.726608336           0.002435320           0.193880528           0.012560932          -0.383420737
  147      3          -4.061928473           0.419504302           3.285888718           0.002497919           0.201971797           0.012367664          -0.374588801
  148      3          -2.968480727           1.213940591           3.285888718           0.002342598           0.201971797           0.011598640          -0.384316576
  149      3          -4.939754562           0.688359945           2.435481370           0.002234490           0.193880528           0.011525086          -0.367688363
  150      3          -4.061928473           1.569223300           2.575323299           0.002519105           0.201971797           0.012472557          -0.379733620
  151      3          -2.952914460           2.131883777           2.435481370           0.002039409           0.193880528           0.010518897          -0.392999708
  152      3          -3.352159863           0.592310617           3.508338900           0.002636945           0.223753522           0.011785045          -0.380565923
  153      3          -4.396987547           0.931795711           2.829368713           0.002633751           0.223753522           0.011770770          -0.373526876
  154      3          -3.352159863           1.690907458           2.829368712           0.002555952           0.223753522           0.011423071          -0.385281597
  155      3          -2.392595866           2.448458921           1.936175368           0.000272589           0.016394859           0.016626492          -0.406559740
  156      3          -1.504740212          -3.255786826           1.858118340           0.001134539           0.109913543           0.010322108          -0.399479979
  157      3          -2.571576393          -3.434938677           1.900069312           0.002584545           0.201971797           0.012796564          -0.386839067
  158      3          -1.795206605          -3.630274571           0.766848553           0.001693484           0.198470552           0.008532673          -0.387442354
  159      3          -3.799511106          -3.221911140           1.786710299           0.002343104           0.193880528           0.012085296          -0.374334596
  160      3          -3.247364264          -3.654515466           0.750350315           0.002506785           0.201971796           0.012411557          -0.379745405
  161      3          -2.571576393          -3.620891314          -0.302377012           0.002058429           0.193880528           0.010616996          -0.386562527
  162      3          -1.799560482          -3.512956081           1.426197339           0.002129734           0.221995903           0.009593575          -0.391646367
  163      3          -3.217315413          -3.519615823           1.501360793           0.002678534           0.223753522           0.011970912          -0.379915068
  164      3          -2.571576393          -3.729429149           0.402763954           0.002510108           0.223753522           0.011218183          -0.384301593
  165      3          -1.619596037          -3.578628763           0.277682095           0.000314510           0.035504601           0.008858296          -0.385817172
  166      3          -1.995603745          -3.462538694          -0.620081521           0.001348092           0.149163731           0.009037664          -0.390683546
  167      3          -1.716798306          -3.542673362          -0.141470518           0.000254066           0.020806456           0.012210931          -0.386726547
  168      3          -4.797867126          -2.496563033           1.786710300           0.002136647           0.193880528           0.011020433          -0.363433888
  169      3          -5.379921048          -1.394556851           1.900069313           0.002100993           0.201971797           0.010402405          -0.357469131
  170      3          -5.379921048          -2.105122269           0.750350315           0.002154159           0.201971797           0.010665642          -0.359110549
  171      3          -5.556772516          -0.160892411           1.786710300           0.002005841           0.193880528           0.010345755          -0.358676100
  172      3          -5.797580922          -0.819697352           0.750350315           0.002065603           0.201971797           0.010227186          -0.356376774
  173      3          -5.556772516          -1.452019376          -0.302377012           0.002090313           0.193880528           0.010781450          -0.361777029
  174      3          -5.260909469          -2.034857832           1.501360793           0.002265566           0.223753522           0.010125275          -0.358733513
  175      3          -5.659998132          -0.806589225           1.501360793           0.002177707           0.223753522           0.009732617          -0.356094717
  176      3          -5.659998131          -1.485559412           0.402763953           0.002232987           0.223753522           0.009979672          -0.357768510
  177      3          -4.416529059          -3.021429854           1.385747728           0.002245311           0.193880528           0.011580900          -0.368124842
  178      3          -3.889568968          -3.445850509           0.333020401           0.002503888           0.201971797           0.012397216          -0.375393003
  179      3          -4.983016713          -2.651414220           0.333020401           0.002304736           0.201971797           0.011411179          -0.364626210
  180      3          -3.188594346          -3.420410028          -0.703339584           0.002302138           0.193880528           0.011874001          -0.385423750
  181      3          -4.307228842          -2.870991010          -0.816698597           0.002512288           0.201971797           0.012438804          -0.376471311
  182      3          -5.175434449          -1.976886196          -0.703339584           0.002215995           0.193880528           0.011429695          -0.367254831
  183      3          -4.480325998          -3.109238807           0.680606762           0.002555795           0.223753522           0.011422368          -0.368839353
  184      3          -3.834586978          -3.319052134          -0.417990077           0.002666935           0.223753522           0.011919073          -0.378717693
  185      3          -4.879414662          -2.559940387          -0.417990077           0.002542932           0.223753522           0.011364880          -0.368778983
  186      3          -5.175434449           1.012745480           1.786710300           0.002225202           0.193880528           0.011477183          -0.367630124
  187      3          -4.307228842           1.906850293           1.900069313           0.002529775           0.201971797           0.012525388          -0.380963811
  188      3          -4.983016713           1.687273503           0.750350316           0.002492641           0.201971797           0.012341531          -0.375208591
  189      3          -3.188594346           2.456269311           1.786710300           0.002161690           0.193880528           0.011149600          -0.397917475
  190      3          -3.889568968           2.481709792           0.750350315           0.002537241           0.201971797           0.012562352          -0.392888158
  191      3          -4.416529059           2.057289137          -0.302377012           0.002366786           0.193880528           0.012207448          -0.384666185
  192      3          -4.879414662           1.595799670           1.501360794           0.002632543           0.223753522           0.011765368          -0.374240226
  193      3          -3.834586978           2.354911417           1.501360793           0.002648437           0.223753522           0.011836405          -0.390353602
  194      3          -4.480325998           2.145098091           0.402763954           0.002698664           0.223753522           0.012060879          -0.383879227
  195      3          -5.556772516           0.487878659           1.385747728           0.002091095           0.193880528           0.010785484          -0.361918857
  196      3          -5.797580922          -0.144443365           0.333020401           0.002165693           0.201971797           0.010722749          -0.359676049
  197      3          -5.379921048           1.140981553           0.333020401           0.002408158           0.201971797           0.011923238          -0.369237422
  198      3          -5.556772516          -0.803248306          -0.703339584           0.002162801           0.193880528           0.011155327          -0.364595730
  199      3          -5.379921048           0.430416135          -0.816698597           0.002430280           0.201971797           0.012032767          -0.369764934
  200      3          -4.797867126           1.532422317          -0.703339583           0.002364001           0.193880528           0.012193082          -0.378739600
  201      3          -5.659998131           0.521418695           0.680606763           0.002385984           0.223753522           0.010663446          -0.362630429
  202      3          -5.659998132          -0.157551492          -0.417990077           0.002426426           0.223753522           0.010844193          -0.363820189
  203      3          -5.260909469           1.070717116          -0.417990077           0.002606651           0.223753522           0.011649652          -0.371988098
  204      3          -2.644550329           2.622685799           1.500748590           0.001195805           0.119838887           0.009978440          -0.410646883
  205      3          -3.196443778           2.700400324           0.327070857           0.002254749           0.189317258           0.011909895          -0.407122756
  206      3          -3.799511106           2.257770424          -0.703339583           0.002278744           0.193880528           0.011753339          -0.392045335
  207      3          -2.977827777           2.369722176          -0.963929941           0.000331504           0.023386899           0.014174772          -0.400747256
  208      3          -2.904653751           2.740434464           0.804669046           0.001026078           0.064285447           0.015961284          -0.412469147
  209      3          -3.108109019           2.574803620          -0.423867591           0.002100908           0.207021016           0.010148282          -0.405551214
  210      3          -2.256546063          -3.081018913          -1.384674052           0.001660241           0.154880845           0.010719473          -0.400759267
  211      3          -2.454837405          -2.317450834          -2.138312550           0.000887302           0.049478560           0.017933063          -0.413841119
  212      3          -2.239831879          -2.695774075          -1.815028393           0.000419718           0.032491533           0.012917771          -0.410461071
  213      3          -2.952914460          -3.096024493          -1.352110653           0.002194444           0.193880528           0.011318536          -0.393267123
  214      3          -4.061928473          -2.533364017          -1.491952583           0.002561173           0.201971797           0.012680845          -0.383190131
  215      3          -2.869521863          -2.057046238          -2.285913933           0.002067796           0.201960536           0.010238616          -0.407805224
  216      3          -4.939754562          -1.652500662          -1.352110654           0.002322139           0.193880528           0.011977164          -0.373282187
  217      3          -4.061928473          -1.383645018          -2.202518002           0.002729531           0.201971797           0.013514417          -0.387741335
  218      3          -2.908549961          -1.002232223          -2.649007156           0.001904702           0.171749482           0.011090004          -0.407447228
  219      3          -3.352159863          -2.655048175          -1.745997996           0.002771134           0.223753522           0.012384760          -0.393309108
  220      3          -4.396987547          -1.895936427          -1.745997996           0.002725748           0.223753522           0.012181922          -0.381280719
  221      3          -3.158081599          -1.587285762          -2.458172776           0.002454530           0.223750794           0.010969926          -0.403528584
  222      3          -5.175434449          -0.927152554          -1.352110654           0.002298899           0.193880528           0.011857299          -0.371360493
  223      3          -4.983016714           0.301454099          -1.491952583           0.002502140           0.201971797           0.012388562          -0.375329051
  224      3          -4.307228842          -0.628688110          -2.202518002           0.002534546           0.201971797           0.012549009          -0.384081242
  225      3          -4.416529060           1.408518068          -1.352110653           0.002314164           0.193880528           0.011936033          -0.381959887
  226      3          -3.889568968           0.656736808          -2.202518002           0.002264466           0.201971797           0.011211794          -0.385247709
  227      3          -3.119595550          -0.273800432          -2.655334647           0.001832888           0.186904100           0.009806571          -0.397737538
  228      3          -4.879414662          -0.411178436          -1.745997996           0.002662081           0.223753522           0.011897381          -0.376487139
  229      3          -4.480325999           0.817090172          -1.745997996           0.002626207           0.223753522           0.011737052          -0.380713884
  230      3          -3.834586978          -0.071693342          -2.424968184           0.002542857           0.223753522           0.011364546          -0.388261389
  231      3          -3.799511106           1.856807852          -1.352110653           0.002084333           0.193880528           0.010750606          -0.387868290
  232      3          -3.008966426           2.172955947          -1.281543523           0.000205637           0.016663203           0.012340794          -0.395329962
  233      3          -3.258654422           1.082747778          -2.223076161           0.001542002           0.173011502           0.008912711          -0.386409939
  234      3          -2.971654587           0.254191095          -2.598775561           0.000389513           0.038707498           0.010062975          -0.393307197
  235      3          -3.241517263           1.789141491          -1.684839791           0.001635971           0.184651271           0.008859788          -0.388784399
  236      3          -3.021065848           0.658840098          -2.468450990           0.000348287           0.031286175           0.011132289          -0.388826118
  237      4           2.150480204          -1.353207067           5.044031003           0.002171575           0.193880528           0.011200581          -0.364704674
  238      4           3.269114700          -1.006108029           4.603311386           0.002243990           0.201971797           0.011110413          -0.362267656
  239      4           2.851454826          -2.291532947           4.603311386           0.002092261           0.201971797           0.010359172          -0.357231227
  240      4           4.137320307          -0.707643584           3.752904038           0.002185636           0.193880528           0.011273105          -0.365699468
  241      4           3.944902572          -1.936250238           3.892745967           0.002102733           0.201971797           0.010411024          -0.357563067
  242      4           3.378414918          -3.043314207           3.752904037           0.001945239           0.193880528           0.010033186          -0.356665041
  243      4           2.796472836          -1.563102797           4.825761568           0.002314342           0.223753522           0.010343264          -0.360233415
  244      4           3.841300520          -1.223617703           4.146791380           0.002324021           0.223753522           0.010386522          -0.360694912
  245      4           3.442211857          -2.451886311           4.146791380           0.002165938           0.223753522           0.009680015          -0.355742459
  246      4           1.914800318          -0.627858959           5.044031003           0.002290416           0.193880528           0.011813544          -0.370457206
  247      4           3.023814331          -0.251151121           4.603311386           0.002402411           0.201971797           0.011894783          -0.369120411
  248      4           1.930366586           0.543285169           4.603311386           0.002537931           0.201971797           0.012565769          -0.380094672
  249      4           3.901640421           0.017704523           3.752904038           0.002305287           0.193880528           0.011890246          -0.372402914
  250      4           3.023814331           0.898567878           3.892745967           0.002553146           0.201971797           0.012641101          -0.383321501
  251      4           1.914800318           1.461228354           3.752904037           0.002349724           0.193880528           0.012119440          -0.394300242
  252      4           2.314045721          -0.078344805           4.825761568           0.002625257           0.223753522           0.011732807          -0.372830905
  253      4           3.358873405           0.261140289           4.146791380           0.002636204           0.223753522           0.011781734          -0.374408359
  254      4           2.314045721           1.020252036           4.146791380           0.002690909           0.223753522           0.012026220          -0.385486026
  255      4           1.533462251          -1.801496851           5.044031003           0.002221439           0.193880528           0.011457772          -0.367151828
  256      4           2.209250122          -2.758121976           4.603311386           0.002172374           0.201971797           0.010755829          -0.359997779
  257      4           0.857674379          -2.758121976           4.603311386           0.002449973           0.201971797           0.012130272          -0.371820782
  258      4           2.761396964          -3.491603991           3.752904037           0.002021016           0.193880528           0.010424025          -0.359221708
  259      4           1.533462251          -3.688264185           3.892745967           0.002365307           0.201971797           0.011711078          -0.367115562
  260      4           0.305527537          -3.491603991           3.752904037           0.002375606           0.193880528           0.012252939          -0.379558506
  261      4           1.533462251          -2.480733700           4.825761568           0.002460157           0.223753522           0.010994944          -0.365460808
  262      4           2.179201272          -3.369517215           4.146791380           0.002341406           0.223753522           0.010464221          -0.361071876
  263      4           0.887723230          -3.369517215           4.146791380           0.002599424           0.223753522           0.011617356          -0.372192137
  264      4           0.916444297          -1.353207067           5.044031003           0.002335740           0.193880528           0.012047318          -0.374018866
  265      4           0.215469675          -2.291532947           4.603311386           0.002528673           0.201971797           0.012519932          -0.379597558
  266      4          -0.202190199          -1.006108029           4.603311386           0.002441442           0.201971797           0.012088033          -0.386479710
  267      4          -0.311490416          -3.043314207           3.752904037           0.002376337           0.193880528           0.012256710          -0.387912841
  268      4          -0.877978071          -1.936250238           3.892745967           0.002316958           0.201971797           0.011471693          -0.399087494
  269      4          -1.060242135          -0.819250740           3.789426713           0.001299728           0.139605225           0.009310027          -0.402614917
  270      4           0.270451665          -1.563102797           4.825761568           0.002675978           0.223753522           0.011959490          -0.379930265
  271      4          -0.375287356          -2.451886311           4.146791380           0.002684674           0.223753522           0.011998352          -0.388434578
  272      4          -0.774376019          -1.223617703           4.146791380           0.002404176           0.223753522           0.010744752          -0.395989913
  273      4           1.152124184          -0.627858959           5.044031003           0.002352514           0.193880528           0.012133833          -0.375261022
  274      4           0.043110170          -0.251151121           4.603311386           0.002403412           0.201971797           0.011899740          -0.384968436
  275      4           1.136557916           0.543285169           4.603311386           0.002607777           0.201971797           0.012911588          -0.382675844
  276      4          -0.735820271          -0.140708637           3.954535527           0.000793438           0.078917379           0.010054037          -0.392822932
  277      4           0.119974375           0.856022915           3.987867988           0.001177210           0.140963069           0.008351194          -0.386441781
  278      4           1.030974323           1.474260480           3.706020949           0.001788894           0.192084735           0.009313046          -0.394308988
  279      4           0.752878781          -0.078344805           4.825761568           0.002637705           0.223753522           0.011788440          -0.380629248
  280      4          -0.312795365           0.272952185           4.122603868           0.001880081           0.206109161           0.009121775          -0.387573209
  281      4           0.674510372           1.111533049           4.027049884           0.002071651           0.223126671           0.009284640          -0.388493746
  282      4           4.518658374          -0.831547833           3.104132968           0.002236128           0.193880528           0.011533537          -0.367866228
  283      4           4.341806906          -2.065212274           3.217491981           0.002189610           0.201971797           0.010841165          -0.360456838
  284      4           4.759466780          -1.490352774           2.067772983           0.002455926           0.201971797           0.012159747          -0.371252451
  285      4           3.759752985          -3.167218455           3.104132967           0.002029900           0.193880528           0.010469848          -0.359626986
  286      4           4.341806906          -2.775777692           2.067772983           0.002383381           0.201971797           0.011800562          -0.368031502
  287      4           4.518658374          -2.122674798           1.015045656           0.002370935           0.193880528           0.012228843          -0.379290365
  288      4           4.621883990          -1.477244647           2.818783461           0.002478042           0.223753522           0.011074874          -0.365749661
  289      4           4.222795327          -2.705513255           2.818783461           0.002359170           0.223753522           0.010543611          -0.361662357
  290      4           4.621883990          -2.156214834           1.720186621           0.002609702           0.223753522           0.011663287          -0.372242371
  291      4           4.137320307           0.342090058           3.104132968           0.002368861           0.193880528           0.012218149          -0.378261526
  292      4           3.269114700           1.236194871           3.217491981           0.002611200           0.201971797           0.012928536          -0.390799990
  293      4           3.944902571           1.016618081           2.067772983           0.002478124           0.201971797           0.012269653          -0.391514487
  294      4           2.112140435           1.805539934           3.075016656           0.001918398           0.179936487           0.010661531          -0.407131083
  295      4           3.003509466           1.726354796           2.197478377           0.001226419           0.101878314           0.012038081          -0.410152122
  296      4           3.627353232           1.235795761           1.169743336           0.000737572           0.062269859           0.011844773          -0.398880113
  297      4           3.841300520           0.925144248           2.818783461           0.002681953           0.223753522           0.011986192          -0.386945991
  298      4           2.741005017           1.726920308           2.761392431           0.002526789           0.215968055           0.011699828          -0.406041818
  299      4           3.384955009           1.513357836           1.689960196           0.002287861           0.197357695           0.011592457          -0.405334885
  300      4           4.518658374          -0.182776763           2.703170396           0.002345340           0.193880528           0.012096831          -0.375052260
  301      4           4.759466780          -0.815098787           1.650443069           0.002506908           0.201971797           0.012412171          -0.377213067
  302      4           4.341806906           0.470326131           1.650443069           0.002414298           0.201971797           0.011953639          -0.385834488
  303      4           4.518658374          -1.473903728           0.614083084           0.002314786           0.193880528           0.011939237          -0.383797564
  304      4           4.341806906          -0.240239287           0.500724071           0.002066947           0.201971797           0.010233838          -0.385559614
  305      4           3.871591797           0.733859084           0.618710490           0.000894023           0.116903849           0.007647510          -0.389884931
  306      4           4.621883990          -0.149236727           1.998029431           0.002658070           0.223753522           0.011879458          -0.379056661
  307      4           4.621883990          -0.828206914           0.899432591           0.002594728           0.223753522           0.011596367          -0.382232782
  308      4           4.222795327           0.400061694           0.899432591           0.002199377           0.223753522           0.009829462          -0.387288175
  309      4           2.761396964          -3.892566562           3.104132967           0.002136397           0.193880528           0.011019142          -0.363399822
  310      4           1.533462251          -4.105594099           3.217491980           0.002438099           0.201971797           0.012071480          -0.370481941
  311      4           2.209250122          -4.325170888           2.067772983           0.002494698           0.201971796           0.012351714          -0.374262240
  312      4           0.305527537          -3.892566562           3.104132967           0.002359450           0.193880528           0.012169606          -0.381461681
  313      4           0.857674379          -4.325170888           2.067772983           0.002481475           0.201971796           0.012286248          -0.380911847
  314      4           1.533462251          -4.291546736           1.015045656           0.002339164           0.193880528           0.012064978          -0.385076493
  315      4           2.179201272          -4.190271245           2.818783461           0.002554356           0.223753522           0.011415936          -0.368750490
  316      4           0.887723230          -4.190271245           2.818783461           0.002661233           0.223753522           0.011893592          -0.377357220
  317      4           1.533462251          -4.400084571           1.720186621           0.002658386           0.223753522           0.011880870          -0.379742191
  318      4           3.378414917          -3.692085276           2.703170396           0.002141775           0.193880528           0.011046882          -0.363818215
  319      4           3.944902571          -3.322069642           1.650443068           0.002457254           0.201971797           0.012166323          -0.372410663
  320      4           2.851454826          -4.116505931           1.650443069           0.002502848           0.201971797           0.012392069          -0.375454348
  321      4           4.137320307          -2.647541619           0.614083084           0.002394918           0.193880528           0.012352543          -0.384268271
  322      4           3.269114700          -3.541646432           0.500724071           0.002692803           0.201971797           0.013332567          -0.387972717
  323      4           2.150480204          -4.091065450           0.614083084           0.002376681           0.193880528           0.012258483          -0.388553924
  324      4           3.442211857          -3.779894229           1.998029430           0.002568334           0.223753522           0.011478407          -0.370054608
  325      4           3.841300520          -3.230595809           0.899432590           0.002712367           0.223753522           0.012122118          -0.381239751
  326      4           2.796472836          -3.989707556           0.899432591           0.002704892           0.223753522           0.012088714          -0.383754187
  327      4          -0.692828483          -3.167218455           3.104132967           0.002227953           0.193880528           0.011491370          -0.396059160
  328      4          -1.230079743          -1.985484296           3.353760887           0.001709089           0.135579685           0.012605789          -0.411710803
  329      4          -1.100687454          -3.005804507           2.297277902           0.000513109           0.034634262           0.014815078          -0.407924935
  330      4          -1.284518543          -1.253856038           3.475707911           0.000228687           0.007600421           0.030088731          -0.412356608
  331      4          -1.118533588          -2.763431778           2.827189910           0.002033042           0.177525664           0.011452103          -0.408579217
  332      4          -1.296033036          -1.453298764           3.430174727           0.000185066           0.005375834           0.034425450          -0.413489158
  333      4          -0.311490416          -3.692085276           2.703170396           0.002244658           0.193880528           0.011577534          -0.389767501
  334      4           0.215469676          -4.116505931           1.650443069           0.002219303           0.201971797           0.010988183          -0.385795343
  335      4          -0.723460709          -3.487546912           1.719296325           0.000791972           0.087299850           0.009071862          -0.395707719
  336      4           0.861131551          -4.051748940           0.552098299           0.001831751           0.187624271           0.009762866          -0.388671917
  337      4          -0.278817041          -3.734955091           1.076564846           0.000109264           0.007032732           0.015536451          -0.387186309
  338      4          -0.375287355          -3.779894229           1.998029430           0.002147899           0.223753522           0.009599400          -0.390974567
  339      4           0.190003502          -3.962747849           0.929843350           0.001629693           0.201201659           0.008099799          -0.386260472
  340      4          -0.403646182          -3.681700318           1.213711265           0.000079768           0.003022759           0.026389190          -0.388646371
  341      4           1.176652105           1.725559263           3.326350339           0.000154844           0.033923977           0.004564453          -0.401957970
  342      4           1.625141312           1.873854026           3.040652734           0.000371747           0.026763444           0.013890096          -0.409933049
  343      4           3.901640421          -2.323156084          -0.034687986           0.002377035           0.193880528           0.012260309          -0.394069557
  344      4           2.957198080          -3.115098393          -0.305772638           0.002337351           0.201517448           0.011598751          -0.404333638
  345      4           3.304364662          -2.023437770          -0.723604415           0.000630696           0.044440505           0.014191926          -0.411745434
  346      4           1.867441632          -3.731204963          -0.091415276           0.001905401           0.186348953           0.010224906          -0.400365421
  347      4           3.256350873          -2.577096592          -0.500438723           0.002431992           0.221750616           0.010967241          -0.407659451
  348      4           2.261331082          -3.357024817          -0.415954829           0.002068293           0.173282234           0.011935980          -0.409191865
  349      4           4.137320307          -1.597807977          -0.034687986           0.002127879           0.193880528           0.010975207          -0.391778433
  350      4           4.013064967          -0.276080223          -0.050787576           0.001240092           0.139338726           0.008899840          -0.387173429
  351      4           3.524485930          -1.635709474          -0.664221071           0.000341396           0.021862826           0.015615357          -0.405810664
  352      4           3.877797053           0.326186049           0.161594430           0.000052924           0.002622561           0.020180164          -0.385861309
  353      4           3.862921567          -1.173809522          -0.407566420           0.001667549           0.172921879           0.009643367          -0.395789344
  354      4           3.887190899           0.225372092           0.091214936           0.000064071           0.003285882           0.019498846          -0.385603167
  355      4           1.233333056          -3.842756087           0.059580951           0.001077737           0.115820468           0.009305237          -0.395492439
  356      5           1.027393227           2.414209441           3.187208505           0.001837131           0.176211513           0.010425717          -0.397280456
  357      5           2.166625908           2.783091755           2.744011640           0.002420937           0.201971797           0.011986509          -0.397978424
  358      5           2.211169527           1.963163101           2.634612382           0.000178306           0.003614950           0.049324717          -0.415468188
  359      5           3.034831515           3.081556200           1.893604292           0.002364750           0.193880528           0.012196944          -0.390982926
  360      5           2.778509052           1.996062593           2.154706917           0.001502396           0.115641487           0.012991843          -0.413024815
  361      5           1.783234640           2.165343312           2.917695159           0.002067841           0.187926644           0.011003446          -0.408529412
  362      5           2.738811728           2.565582081           2.287491634           0.002454111           0.223753522           0.010967921          -0.401402190
  363      5           2.324392441           1.957548411           2.552975503           0.000138244           0.002184916           0.063271883          -0.415761403
  364      5           0.812311525           3.161340825           3.184731257           0.002243541           0.193880528           0.011571772          -0.387952695
  365      5           1.921325539           3.538048664           2.744011640           0.002531896           0.201971797           0.012535891          -0.386242041
  366      5           0.827877793           4.332484953           2.744011640           0.002508250           0.201971797           0.012418814          -0.376308368
  367      5           2.799151628           3.806904307           1.893604292           0.002379881           0.193880528           0.012274985          -0.381421062
  368      5           1.921325539           4.687767662           2.033446221           0.002432408           0.201971797           0.012043303          -0.370966159
  369      5           0.812311525           5.250428139           1.893604291           0.002174872           0.193880528           0.011217587          -0.365025388
  370      5           1.211556928           3.710854979           2.966461822           0.002668054           0.223753522           0.011924078          -0.383288875
  371      5           2.256384612           4.050340073           2.287491634           0.002679798           0.223753522           0.011976564          -0.379214624
  372      5           1.211556928           4.809451820           2.287491634           0.002577618           0.223753522           0.011519901          -0.370300955
  373      5           0.461420508           2.283792743           3.230803046           0.000600342           0.055707216           0.010776733          -0.392622102
  374      5          -0.165636795           2.517058808           3.192680731           0.001276909           0.148691352           0.008587648          -0.387154287
  375      5          -1.297265007           2.787027911           2.748474066           0.001681808           0.177653487           0.009466791          -0.389498611
  376      5          -2.196796233           3.001611412           1.877610026           0.001983978           0.186919196           0.010614095          -0.401673809
  377      5          -0.794324357           2.548915292           3.009063505           0.000733951           0.076943054           0.009538889          -0.386412874
  378      5          -1.847908205           2.772173989           2.313446573           0.001215121           0.119512991           0.010167271          -0.397199583
  379      5           0.049635391           3.161340825           3.184731257           0.002080132           0.193880528           0.010728936          -0.385570836
  380      5          -1.059378622           3.538048664           2.744011640           0.002342157           0.201971797           0.011596454          -0.385053773
  381      5           0.034069123           4.332484953           2.744011640           0.002507897           0.201971797           0.012417065          -0.376795917
  382      5          -1.937204712           3.806904307           1.893604292           0.002369842           0.193880528           0.012223209          -0.389443854
  383      5          -1.059378622           4.687767662           2.033446221           0.002506387           0.201971797           0.012409589          -0.376074521
  384      5           0.049635391           5.250428139           1.893604291           0.002214449           0.193880528           0.011421717          -0.366592664
  385      5          -0.349610012           3.710854979           2.966461822           0.002563468           0.223753522           0.011456660          -0.382157987
  386      5          -1.394437696           4.050340073           2.287491634           0.002634129           0.223753522           0.011772459          -0.383347192
  387      5          -0.349610012           4.809451820           2.287491634           0.002624024           0.223753522           0.011727297          -0.372706729
  388      5           3.416169581           2.957651951           1.244833222           0.002330579           0.193880528           0.012020698          -0.389179101
  389      5           3.300808129           1.794299666           1.272376401           0.001263639           0.118558293           0.010658378          -0.405428895
  390      5           3.656977987           2.298847010           0.208473237           0.002071913           0.201971797           0.010258427          -0.388695340
  391      5           3.422421819           1.824080183          -0.977888634           0.000895265           0.108453666           0.008254816          -0.386612605
  392      5           3.519395197           2.311955137           0.959483715           0.002309838           0.223753522           0.010323135          -0.394525638
  393      5           3.568315324           1.787811637           0.038492610           0.000955430           0.118567582           0.008058105          -0.389296810
  394      5           3.034831514           4.131289842           1.244833222           0.002352121           0.193880528           0.012131804          -0.375839357
  395      5           2.166625908           5.025394655           1.358192235           0.002323762           0.201971797           0.011505376          -0.365556361
  396      5           2.842413779           4.805817865           0.208473237           0.002357952           0.201971797           0.011674660          -0.366580836
  397      5           1.047991412           5.574813673           1.244833222           0.002035716           0.193880528           0.010499847          -0.359775244
  398      5           1.748966033           5.600254154           0.208473237           0.002099404           0.201971797           0.010394540          -0.357569113
  399      5           2.275926125           5.175833499          -0.844254090           0.002116249           0.193880528           0.010915224          -0.362712818
  400      5           2.738811727           4.714344032           0.959483715           0.002530740           0.223753522           0.011310391          -0.368523462
  401      5           1.693984043           5.473455779           0.959483715           0.002299029           0.223753522           0.010274830          -0.359798140
  402      5           2.339723064           5.263642453          -0.139113124           0.002346935           0.223753522           0.010488928          -0.361228501
  403      5           3.416169581           3.606423021           0.843870650           0.002363349           0.193880528           0.012189717          -0.380515237
  404      5           3.656977987           2.974100997          -0.208856677           0.002419028           0.201971797           0.011977059          -0.383124523
  405      5           3.239318113           4.259525915          -0.208856677           0.002467209           0.201971797           0.012215613          -0.372275793
  406      5           3.416169581           2.315296056          -1.245216662           0.001904018           0.193880528           0.009820572          -0.387062913
  407      5           3.239318114           3.548960497          -1.358575675           0.002503163           0.201971797           0.012393627          -0.379762539
  408      5           2.657264192           4.650966679          -1.245216662           0.002260245           0.193880528           0.011657927          -0.369077074
  409      5           3.519395197           3.639963057           0.138729685           0.002661312           0.223753522           0.011893944          -0.378518280
  410      5           3.519395197           2.960992870          -0.959867155           0.002555128           0.223753522           0.011419388          -0.383087126
  411      5           3.120306534           4.189261478          -0.959867155           0.002631637           0.223753522           0.011761321          -0.373307648
  412      5           3.190625237           1.690985768          -1.433723140           0.000035677           0.001150353           0.031013860          -0.389733568
  413      5          -2.556117720           2.880465687           1.257740165           0.002044782           0.169436158           0.012068155          -0.411356812
  414      5          -2.789629725           2.816617541           0.399685407           0.000290092           0.009449908           0.030697917          -0.415106872
  415      5          -2.745785181           2.818053318           0.663036580           0.000277218           0.010889677           0.025456933          -0.415502516
  416      5          -2.172884598           4.131289842           1.244833222           0.002382167           0.193880528           0.012286780          -0.387934211
  417      5          -1.304678991           5.025394655           1.358192235           0.002474576           0.201971797           0.012252087          -0.373332524
  418      5          -1.980466862           4.805817865           0.208473237           0.002523425           0.201971797           0.012493947          -0.378328496
  419      5          -0.186044495           5.574813673           1.244833222           0.002117510           0.193880528           0.010921728          -0.362808256
  420      5          -0.887019117           5.600254154           0.208473237           0.002290578           0.201971797           0.011341080          -0.364397315
  421      5          -1.413979209           5.175833499          -0.844254090           0.002292746           0.193880528           0.011825559          -0.371062452
  422      5          -1.876864811           4.714344032           0.959483715           0.002678142           0.223753522           0.011969161          -0.379376930
  423      5          -0.832037127           5.473455779           0.959483715           0.002477678           0.223753522           0.011073246          -0.366077607
  424      5          -1.477776148           5.263642453          -0.139113124           0.002574677           0.223753522           0.011506755          -0.370620150
  425      5          -2.554222665           3.606423021           0.843870650           0.002352041           0.193880528           0.012131395          -0.398088652
  426      5          -2.802645989           2.924569075          -0.159392144           0.001979015           0.171722835           0.011524472          -0.409065501
  427      5          -2.377371197           4.259525915          -0.208856677           0.002529847           0.201971797           0.012525746          -0.386021573
  428      5          -2.458331625           2.701621280          -1.487575410           0.000305239           0.026760324           0.011406401          -0.393527910
  429      5          -2.377371198           3.548960497          -1.358575675           0.002277222           0.201971797           0.011274951          -0.389037747
  430      5          -1.795317276           4.650966679          -1.245216662           0.002359970           0.193880528           0.012172290          -0.377586927
  431      5          -2.657448281           3.639963057           0.138729685           0.002609886           0.223753522           0.011664112          -0.396965434
  432      5          -2.642927027           2.954126691          -1.007599706           0.002001397           0.196254141           0.010197985          -0.398465142
  433      5          -2.258359618           4.189261478          -0.959867155           0.002654848           0.223753522           0.011865055          -0.384306124
  434      5           0.430973458           5.775294959           0.843870650           0.001991345           0.193880528           0.010270988          -0.358202201
  435      5          -0.244814413           5.808919112          -0.208856677           0.002161449           0.201971796           0.010701736          -0.359457672
  436      5           1.106761329           5.808919112          -0.208856677           0.002047088           0.201971796           0.010135515          -0.355880932
  437      5          -0.796961255           5.376314785          -1.245216661           0.002219812           0.193880528           0.011449380          -0.366794860
  438      5           0.430973458           5.589342322          -1.358575674           0.002211848           0.201971797           0.010951269          -0.361079605
  439      5           1.658908171           5.376314785          -1.245216661           0.002078768           0.193880528           0.010721904          -0.361395603
  440      5           0.430973458           5.883832795           0.138729685           0.002190150           0.223753522           0.009788228          -0.356477405
  441      5          -0.214765563           5.674019469          -0.959867155           0.002347968           0.223753522           0.010493547          -0.361333077
  442      5           1.076712479           5.674019469          -0.959867155           0.002245933           0.223753522           0.010037531          -0.358181966
  443      5           2.888899563           1.772894139          -1.943762494           0.000379694           0.038048818           0.009979119          -0.397394553
  444      5           2.058914053           1.974267942          -2.734406566           0.000937935           0.063177316           0.014846079          -0.412620890
  445      5           0.940726655           2.281377213          -3.190598625           0.001406301           0.099171185           0.014180538          -0.412877974
  446      5           2.477321216           1.844173968          -2.397973983           0.000059563           0.005323424           0.011188809          -0.406727114
  447      5           1.480590099           2.138442821          -3.035798434           0.000211805           0.007979335           0.026544151          -0.415129533
  448      5           3.034831515           2.191391808          -1.893987732           0.001857036           0.193880528           0.009578251          -0.393160427
  449      5           2.842413779           3.419998461          -2.033829661           0.002499763           0.201971797           0.012376793          -0.383666779
  450      5           2.166625908           2.489856252          -2.744395080           0.002187752           0.201971797           0.010831968          -0.402069957
  451      5           2.275926125           4.527062430          -1.893987731           0.002305919           0.193880528           0.011893503          -0.372142177
  452      5           1.748966034           3.775281170          -2.744395080           0.002536711           0.201971797           0.012559731          -0.384327796
  453      5           1.047991412           2.836955290          -3.185114698           0.002138989           0.193880528           0.011032508          -0.400946050
  454      5           2.738811728           2.707365926          -2.287875074           0.002469297           0.223753522           0.011035790          -0.392750669
  455      5           2.339723065           3.935634534          -2.287875074           0.002677976           0.223753522           0.011968421          -0.379924158
  456      5           1.693984044           3.046851020          -2.966845262           0.002578197           0.223753522           0.011522489          -0.395676977
  457      5           0.137759261           2.296810772          -3.219398547           0.000909991           0.077726856           0.011707550          -0.407630966
  458      5          -2.288002681           2.674401730          -1.780744589           0.000275386           0.021006144           0.013109786          -0.389733443
  459      5          -1.980466863           3.419998461          -2.033829661           0.002170884           0.201971797           0.010748451          -0.385792066
  460      5          -1.286727157           2.668440703          -2.759380188           0.001060917           0.119237837           0.008897487          -0.388216015
  461      5          -1.413979209           4.527062430          -1.893987731           0.002357658           0.193880528           0.012160365          -0.377231983
  462      5          -0.887019118           3.775281170          -2.744395080           0.002616593           0.201971797           0.012955238          -0.383350522
  463      5          -0.300633707           2.704791054          -3.166375860           0.001857755           0.193691542           0.009591305          -0.396953806
  464      5          -1.921502654           2.788668929          -2.237898385           0.001436700           0.171081267           0.008397761          -0.386483095
  465      5          -1.477776148           3.935634534          -2.287875074           0.002599039           0.223753522           0.011615635          -0.381885657
  466      5          -0.805662821           2.864968523          -2.997383613           0.002048282           0.223616363           0.009159805          -0.391067717
  467      5          -0.796961255           4.975352214          -1.893987731           0.002308174           0.193880528           0.011905137          -0.371577413
  468      5           0.430973458           5.172012408          -2.033829661           0.002363706           0.201971797           0.011703149          -0.367208265
  469      5          -0.244814413           4.241870200          -2.744395080           0.002546449           0.201971797           0.012607945          -0.379452374
  470      5           1.658908172           4.975352214          -1.893987731           0.002219514           0.193880528           0.011447844          -0.367524636
  471      5           1.106761330           4.241870200          -2.744395080           0.002529550           0.201971797           0.012524272          -0.379099925
  472      5           0.430973458           3.285245074          -3.185114698           0.002444657           0.193880528           0.012609092          -0.392477546
  473      5          -0.214765563           4.853265438          -2.287875074           0.002617394           0.223753522           0.011697666          -0.372291515
  474      5           1.076712479           4.853265438          -2.287875074           0.002575507           0.223753522           0.011510463          -0.370626285
  475      5           0.430973458           3.964481924          -2.966845262           0.002702643           0.223753522           0.012078661          -0.383190890
  476      1          -1.984404727           1.922371173           2.709013876           0.000134824           0.012228762           0.011025166          -0.391338477
  477      1          -1.714509903           1.505593551           3.125020029           0.000240012           0.066472133           0.003610713          -0.382426252
  478      1          -1.307845736           0.801300021           3.552392331           0.000318541           0.133002506           0.002395003          -0.379346569
  479      1          -0.877201335           0.067310600           3.768009664           0.000312681           0.067031295           0.004664702          -0.390959519
  480      1          -1.376368759          -0.454505207           3.587633496           0.000050664           0.001811935           0.027961051          -0.401249015
  481      1          -1.285179242          -0.741830391           3.573520027           0.000196250           0.022511612           0.008717728          -0.405975709
  482      1          -1.030539595          -3.559490475           1.113329035           0.000669263           0.159042612           0.004208072          -0.386109296
  483      1          -1.436326966          -3.567840596           0.423074479           0.000044320           0.006450496           0.006870859          -0.384259468
  484      1          -0.018182340          -3.830274102           0.547394053           0.000230090           0.089568525           0.002568871          -0.381512503
  485      1          -0.663720743          -3.811515338          -0.054198633           0.000094688           0.169265857           0.000559405          -0.372797697
  486      1          -1.354051912          -3.541206318          -0.773076355           0.000445652           0.143165032           0.003112853          -0.383996540
  487      1          -1.713212584          -3.157669199          -1.437109652           0.000520943           0.061062873           0.008531261          -0.400176421
  488      1          -1.919312315           1.769035678           2.856376454           0.000047514           0.004799961           0.009898820          -0.388450860
  489      1          -1.587989343           1.106582921           3.350502593           0.000154766           0.038138723           0.004057980          -0.381017572
  490      1          -1.259647829           0.063298540           3.658049012           0.000770051           0.148920691           0.005170879          -0.390676347
  491      1          -1.159870603          -0.511619053           3.655810863           0.000144404           0.010038006           0.014385682          -0.401466941
  492      1          -1.360999407          -0.544166607           3.581010577           0.000044734           0.001889229           0.023678503          -0.402777439
  493      1          -1.081886713          -3.173940395           1.930618171           0.000890372           0.080380537           0.011076959          -0.403267282
  494      1          -1.403155596          -3.557399975           0.589569921           0.000050576           0.006213321           0.008139992          -0.385046674
  495      1          -0.578993636          -3.749096435           0.761760802           0.000430727           0.215903200           0.001995001          -0.379110252
  496      1          -1.310165071          -3.639717350          -0.085376059           0.000407622           0.170489681           0.002390887          -0.379035323
  497      1          -1.655724038          -3.328005986          -1.074364932           0.000373009           0.055616141           0.006706853          -0.393041422
  498      1          -2.064722993          -2.769209201          -1.743483041           0.000127320           0.005263223           0.024190470          -0.410400939
  499      1          -2.021820279           2.260721157           2.402803273           0.000485285           0.076452234           0.006347558          -0.397010678
  500      1          -1.411021356           1.985361179           3.006545559           0.000307200           0.130819128           0.002348283          -0.380497051
  501      1          -0.765621098           1.343468715           3.546931822           0.000097210           0.160641017           0.000605138          -0.373065316
  502      1          -0.460129490           2.203726496           3.146977924           0.000074859           0.010187124           0.007348401          -0.383753258
  503      1          -0.354825502           0.742883797           3.780729856           0.000173712           0.024666478           0.007042415          -0.383948503
  504      1           0.219499916           1.845984717           3.393455241           0.000606923           0.140923607           0.004306748          -0.385344275
  505      1           3.425415627           1.445229257           1.071204117           0.000451465           0.060958228           0.007406134          -0.402192716
  506      1           3.536360090           1.517752044           0.400059032           0.000210172           0.017883361           0.011752365          -0.391429717
  507      1           3.824143238           0.586999302          -0.025128297           0.000473613           0.165988217           0.002853294          -0.379985728
  508      1           3.551648656           1.301041217          -0.813819810           0.000306648           0.131056153           0.002339818          -0.377814915
  509      1           3.259586933           1.540199909          -1.404313240           0.000186790           0.028931133           0.006456378          -0.386170543
  510      1          -1.667772605           2.247023478           2.672341979           0.000369558           0.068956090           0.005359323          -0.389389683
  511      1          -0.877939201           2.025536040           3.177766808           0.000344365           0.178759110           0.001926419          -0.377974510
  512      1          -0.125187275           1.308005295           3.639370897           0.000495643           0.209736696           0.002363165          -0.379825002
  513      1          -0.278545916           2.172573717           3.189650602           0.000050423           0.007339063           0.006870462          -0.384479126
  514      1           1.131994242           1.861681160           3.197452919           0.000998683           0.101166124           0.009871716          -0.403050392
  515      1           3.451703010           1.544268008           0.818877115           0.000394442           0.038709035           0.010189910          -0.398544273
  516      1           3.735279937           0.899436404           0.456175564           0.000206951           0.048205814           0.004293065          -0.388291774
  517      1           3.637171462           1.314253854          -0.114203088           0.000514249           0.171183702           0.003004077          -0.381507456
  518      1           3.375468578           1.518811582          -1.126343553           0.000088642           0.024075929           0.003681782          -0.383482851
  519      1          -2.217548081           2.468796778           1.989874277           0.000294294           0.018584497           0.015835464          -0.406165916
  520      1          -2.800252038           2.593331181          -0.636409166           0.000131961           0.006048372           0.021817577          -0.407651049
  521      1          -2.675302118           2.361839078          -1.495343789           0.000770836           0.152293486           0.005061515          -0.390738845
  522      1          -2.820089777           0.624601579          -2.574569513           0.000099627           0.010358080           0.009618278          -0.387474803
  523      1          -2.531078475           1.469735711          -2.530779446           0.000298024           0.270508411           0.001101718          -0.374767186
  524      1          -1.603444951           2.236797689          -2.719670747           0.000299086           0.091600383           0.003265120          -0.380933727
  525      1          -2.647445897          -0.556763070          -2.766295570           0.000309683           0.021776604           0.014220925          -0.406629902
  526      1          -2.396931685           0.495482784          -2.996732443           0.000291886           0.059586627           0.004898510          -0.386753268
  527      1          -1.516082518           1.530455593          -3.214029064           0.000204028           0.056756099           0.003594812          -0.381734568
  528      1          -0.198371997           2.127309715          -3.225747592           0.000624270           0.061743000           0.010110779          -0.404330561
  529      1          -2.322866209           2.543620232           1.762487553           0.000120681           0.003279892           0.036794283          -0.410380996
  530      1          -2.801881372           2.625411621          -0.478017492           0.000074942           0.003646770           0.020550245          -0.410264101
  531      1          -2.881010439           2.302313701          -1.170835457           0.000314780           0.039376433           0.007994113          -0.397668328
  532      1          -2.910635900           1.260863592          -2.215843838           0.000231752           0.049224945           0.004708023          -0.384313264
  533      1          -2.243012721           2.196734877          -2.261527295           0.000529026           0.274892003           0.001924488          -0.378045393
  534      1          -2.664903094           0.118006293          -2.802803138           0.000754750           0.125809280           0.005999159          -0.394014695
  535      1          -2.071328412           1.103227932          -3.076284190           0.000473096           0.209000703           0.002263608          -0.378722938
  536      1          -1.078522001           2.002936475          -3.129801141           0.000899398           0.203957796           0.004409724          -0.387059533
  537      1           0.710721319          -3.803052316          -0.047212064           0.000548323           0.123945891           0.004423888          -0.389072798
  538      1           1.583591716          -3.498426935          -0.472620058           0.000257203           0.019449717           0.013224014          -0.406896547
  539      1          -0.153477767          -3.822531966          -0.579221794           0.000346810           0.121520502           0.002853918          -0.379570241
  540      1           1.291641586          -3.606069220          -0.546035031           0.000052012           0.001558297           0.033377142          -0.401879272
  541      1           3.586457666          -1.156692452          -0.876698634           0.000525210           0.059946977           0.008761235          -0.398972284
  542      1           3.806470303          -0.057499420          -0.690385144           0.000327812           0.168049149           0.001950693          -0.378839790
  543      1          -0.936174730          -3.602597657          -1.056356893           0.000246172           0.041172131           0.005979085          -0.386309834
  544      1           3.536415319           0.754152216          -1.376278077           0.000264581           0.147577436           0.001792828          -0.377205374
  545      1           3.044655680           1.472494433          -1.879107314           0.000665187           0.113185162           0.005876983          -0.391755285
  546      1           1.294520413          -3.633572989          -0.302718541           0.000213030           0.014249744           0.014949710          -0.400795554
  547      1           0.712658275          -3.774778875          -0.462213038           0.000532102           0.129665826           0.004103640          -0.390336472
  548      1           1.426298407          -3.556763978          -0.534114271           0.000088374           0.003487048           0.025343536          -0.404303324
  549      1           3.433144556          -1.598200919          -0.792824781           0.000251355           0.015817912           0.015890541          -0.407505960
  550      1           3.735115989          -0.567766634          -0.834091736           0.000714364           0.157371173           0.004539358          -0.387122412
  551      1          -0.491428373          -3.741689104          -0.853900436           0.000099546           0.018842441           0.005283064          -0.382517784
  552      1           3.659753050           0.209617999          -1.237485766           0.000298703           0.152169585           0.001962961          -0.378346307
  553      1           3.281997203           1.046606528          -1.761321465           0.000327740           0.086560523           0.003786252          -0.385036516
  554      1           2.526445129           1.713314345          -2.377172617           0.000643534           0.046874500           0.013728880          -0.406092067
