    1      1          -1.702857947           1.006565895           4.266937189           0.002888418           0.193880528           0.014897925          -0.379410775
    2      1          -0.533926646           1.400708800           3.790799679           0.001241132           0.182397852           0.006804532          -0.367492209
    3      1          -1.128827186           0.117021340           3.902986544           0.000806745           0.121984563           0.006613501          -0.365004008
    4      1          -0.168207577           1.865932542           3.427399421           0.000010427           0.002903154           0.003591742          -0.368560819
    5      1          -0.976243867           0.764100420           4.008289899           0.001936746           0.217440319           0.008907025          -0.368470986
    6      1          -0.217854186           1.690336621           3.513592773           0.000006439           0.008356047           0.000770562          -0.365522593
    7      1          -1.938537834           1.731914002           4.266937189           0.002880692           0.193880528           0.014858078          -0.380049111
    8      1          -0.829523820           2.108621841           3.826217572           0.002495081           0.201971797           0.012353611          -0.380742883
    9      1          -1.922971566           2.903058131           3.826217572           0.002991909           0.201971797           0.014813500          -0.379786169
   10      1          -0.072816457           2.499365690           3.042951488           0.000189737           0.081767550           0.002320444          -0.381174817
   11      1          -0.829523820           3.258340840           3.115652153           0.002663570           0.201971797           0.013187830          -0.388620716
   12      1          -1.938537834           3.821001316           2.975810223           0.002767021           0.193880528           0.014271782          -0.380203809
   13      1          -1.539292431           2.281428157           4.048667754           0.003211580           0.223753522           0.014353205          -0.381961687
   14      1          -0.494464747           2.620913250           3.369697566           0.002196872           0.223753522           0.009818268          -0.384780187
   15      1          -1.539292431           3.380024998           3.369697566           0.003174940           0.223753522           0.014189454          -0.383851647
   16      1          -2.319875901           0.558276111           4.266937189           0.002846865           0.193880528           0.014683605          -0.380869658
   17      1          -1.604429080          -0.413209643           3.807365921           0.001555743           0.189251290           0.008220515          -0.374175698
   18      1          -2.995663772          -0.398349014           3.826217572           0.002975068           0.201971797           0.014730117          -0.384476725
   19      1          -2.290426823          -1.354935128           3.082018630           0.001288224           0.174100472           0.007399313          -0.387660466
   20      1          -3.547810614          -1.131831029           2.975810223           0.002680373           0.193880528           0.013824870          -0.388061507
   21      1          -2.319875901          -0.120960739           4.048667754           0.003069671           0.223753522           0.013718984          -0.382548822
   22      1          -1.856647173          -0.936511079           3.481017214           0.000808338           0.108704757           0.007436084          -0.379472352
   23      1          -2.965614922          -1.009744253           3.369697566           0.002926655           0.223753522           0.013079816          -0.388424405
   24      1          -2.936893854           1.006565895           4.266937189           0.002789670           0.193880528           0.014388603          -0.376400975
   25      1          -3.637868476           0.068240015           3.826217572           0.002940140           0.201971797           0.014557182          -0.377828752
   26      1          -4.055528351           1.353664933           3.826217572           0.002349853           0.201971797           0.011634561          -0.361471164
   27      1          -4.164828568          -0.683541245           2.975810223           0.002792234           0.193880528           0.014401826          -0.381434527
   28      1          -4.731316222           0.423522724           3.115652153           0.002447003           0.201971797           0.012115568          -0.364400150
   29      1          -4.923733957           1.652129377           2.975810223           0.001657988           0.193880528           0.008551595          -0.348412776
   30      1          -3.582886486           0.796670165           4.048667754           0.002945346           0.223753522           0.013163351          -0.372004115
   31      1          -4.228625507          -0.092113349           3.369697566           0.002984736           0.223753522           0.013339394          -0.374759709
   32      1          -4.627714171           1.136155259           3.369697566           0.002276536           0.223753522           0.010174304          -0.356831780
   33      1          -2.701213968           1.731914002           4.266937189           0.002752296           0.193880528           0.014195836          -0.374833547
   34      1          -3.810227981           2.108621841           3.826217572           0.002234863           0.201971797           0.011065225          -0.358566293
   35      1          -2.716780236           2.903058131           3.826217572           0.002719127           0.201971797           0.013462907          -0.370395836
   36      1          -4.688054071           2.377477485           2.975810223           0.001514158           0.193880528           0.007809750          -0.344995962
   37      1          -3.810227981           3.258340840           3.115652153           0.001978605           0.201971797           0.009796444          -0.353245157
   38      1          -2.701213968           3.821001316           2.975810223           0.002496083           0.193880528           0.012874336          -0.369997571
   39      1          -3.100459371           2.281428157           4.048667754           0.002774162           0.223753522           0.012398295          -0.367557884
   40      1          -4.145287055           2.620913250           3.369697566           0.001984059           0.223753522           0.008867162          -0.350454429
   41      1          -3.100459371           3.380024998           3.369697566           0.002573735           0.223753522           0.011502546          -0.363845681
   42      1          -0.073928848           2.954641840           2.652451418           0.000131931           0.016234159           0.008126762          -0.387891318
   43      1          -0.584223451           3.595967833           2.440398166           0.002258878           0.201971797           0.011184125          -0.390813897
   44      1          -0.205106396           3.630634035           1.549577018           0.000150609           0.027330208           0.005510705          -0.385229405
   45      1          -1.702857947           4.145386851           2.327039153           0.002818588           0.193880528           0.014537757          -0.383481506
   46      1          -1.001883326           4.170827332           1.290679169           0.002493751           0.201971797           0.012347024          -0.384985803
   47      1          -0.722885845           3.942477666           0.352849555           0.000442236           0.062127438           0.007118215          -0.369437358
   48      1          -0.162419840           3.382468745           2.167169794           0.000606082           0.108763744           0.005572467          -0.390171562
   49      1          -1.056865316           4.044028957           2.041689647           0.002896125           0.223753522           0.012943373          -0.388127792
   50      1          -0.497098352           3.897447836           1.019848305           0.000935071           0.154798296           0.006040577          -0.379566913
   51      1          -2.597683814          -1.644487848           2.617009005           0.000489736           0.052915175           0.009255113          -0.390314717
   52      1          -3.547810614          -1.532793600           2.327039153           0.002439423           0.193880528           0.012582093          -0.389160171
   53      1          -3.262657453          -1.887482195           1.397750108           0.000535064           0.069405671           0.007709222          -0.380147756
   54      1          -2.986795350          -1.825920983           2.041681258           0.001198739           0.172596374           0.006945330          -0.388222296
   55      1          -4.546166635          -0.807445494           2.327039153           0.002802515           0.193880528           0.014454855          -0.380614186
   56      1          -5.128220557           0.294560688           2.440398166           0.002440483           0.201971797           0.012083285          -0.363971550
   57      1          -5.128220556          -0.416004730           1.290679168           0.002949514           0.201971797           0.014603593          -0.376013139
   58      1          -5.305072024           1.528225129           2.327039154           0.001643989           0.193880528           0.008479393          -0.348056054
   59      1          -5.545880430           0.869420188           1.290679169           0.002306913           0.201971797           0.011421958          -0.360304123
   60      1          -5.305072024           0.237098164           0.237951841           0.002764336           0.193880528           0.014257936          -0.375458043
   61      1          -5.009208977          -0.345740293           2.041689647           0.002987452           0.223753522           0.013351529          -0.373690637
   62      1          -5.408297640           0.882528315           2.041689647           0.002252189           0.223753522           0.010065493          -0.356107875
   63      1          -5.408297640           0.203558128           0.943092807           0.002919374           0.223753522           0.013047278          -0.370625492
   64      1          -4.164828568          -1.332312314           1.926076581           0.002713172           0.193880528           0.013994041          -0.385507065
   65      1          -3.628250248          -1.761462588           0.880161317           0.001386169           0.180658542           0.007672869          -0.374962931
   66      1          -4.731316221          -0.962296680           0.873349254           0.003032113           0.201971797           0.015012558          -0.381028860
   67      1          -3.985454458          -1.208582817          -0.316276908           0.001710989           0.195451913           0.008754015          -0.367804396
   68      1          -4.923733957          -0.287768657          -0.163010731           0.002876790           0.193880528           0.014837950          -0.380288554
   69      1          -4.228625507          -1.420121268           1.220935616           0.002975428           0.223753522           0.013297793          -0.382819595
   70      1          -3.747654426          -1.570993450           0.182805110           0.000820957           0.126143652           0.006508109          -0.365908680
   71      1          -4.627714170          -0.870822847           0.122338776           0.003192849           0.223753522           0.014269492          -0.379548579
   72      1          -4.923733957           2.701863020           2.327039154           0.001405503           0.193880528           0.007249324          -0.342472931
   73      1          -4.055528350           3.595967833           2.440398166           0.001877790           0.201971797           0.009297288          -0.350870568
   74      1          -4.731316221           3.376391043           1.290679169           0.001853004           0.201971797           0.009174570          -0.350240157
   75      1          -2.936893854           4.145386851           2.327039153           0.002445551           0.193880528           0.012613703          -0.368174779
   76      1          -3.637868476           4.170827332           1.290679169           0.002467953           0.201971797           0.012219296          -0.363762864
   77      1          -4.164828568           3.746406677           0.237951842           0.002429357           0.193880528           0.012530178          -0.366938051
   78      1          -4.627714170           3.284917210           2.041689647           0.001746689           0.223753522           0.007806309          -0.345580833
   79      1          -3.582886486           4.044028957           2.041689647           0.002401889           0.223753522           0.010734532          -0.359792302
   80      1          -4.228625507           3.834215630           0.943092807           0.002386096           0.223753522           0.010663948          -0.359143137
   81      1          -5.305072024           2.176996199           1.926076582           0.001489649           0.193880528           0.007683337          -0.344429449
   82      1          -5.545880430           1.544674175           0.873349254           0.002174576           0.201971797           0.010766730          -0.357367168
   83      1          -5.128220556           2.830099092           0.873349255           0.001929952           0.201971797           0.009555550          -0.352161217
   84      1          -5.305072024           0.885869234          -0.163010730           0.002700510           0.193880528           0.013928733          -0.374465711
   85      1          -5.128220557           2.119533674          -0.276369743           0.002653444           0.201971797           0.013137695          -0.369542333
   86      1          -4.546166635           3.221539856          -0.163010730           0.002463864           0.193880528           0.012708157          -0.368612816
   87      1          -5.408297640           2.210536235           1.220935616           0.001929817           0.223753522           0.008624745          -0.349412523
   88      1          -5.408297640           1.531566048           0.122338776           0.002700863           0.223753522           0.012070707          -0.366602328
   89      1          -5.009208977           2.759834655           0.122338777           0.002513398           0.223753522           0.011232886          -0.362599747
   90      1          -2.319875901           4.345868137           1.926076582           0.002743022           0.193880528           0.014148001          -0.377574117
   91      1          -2.995663772           4.379492289           0.873349255           0.002877170           0.201971796           0.014245407          -0.374056313
   92      1          -1.644088030           4.379492289           0.873349255           0.002908855           0.201971796           0.014402283          -0.382492037
   93      1          -3.547810614           3.946887963          -0.163010730           0.002755741           0.193880528           0.014213605          -0.375816427
   94      1          -2.319875901           4.159915500          -0.276369743           0.002951749           0.201971797           0.014614661          -0.379910827
   95      1          -1.093011810           3.948261650          -0.161040902           0.001153443           0.171378689           0.006730377          -0.366659325
   96      1          -2.319875901           4.454405972           1.220935616           0.003192991           0.223753522           0.014270124          -0.379174273
   97      1          -2.965614922           4.244592646           0.122338777           0.003211425           0.223753522           0.014352511          -0.377884483
   98      1          -1.674136880           4.244592646           0.122338777           0.002914334           0.223753522           0.013024749          -0.378740547
   99      1          -3.894881813          -0.809629970          -0.922233257           0.000912097           0.149263372           0.006110654          -0.366374202
  100      1          -4.688054071           0.036616878          -0.811781800           0.002958903           0.193880528           0.015261478          -0.381947657
  101      1          -3.748002595           0.234855723          -1.671154179           0.001476240           0.197371988           0.007479481          -0.380968566
  102      1          -3.280150120           0.795719685          -1.995861905           0.000019108           0.007608893           0.002511254          -0.386126373
  103      1          -4.023336580          -0.250948572          -1.271091900           0.002056970           0.222280804           0.009253924          -0.376282146
  104      1          -3.399453065           0.497672912          -1.900591959           0.000120989           0.026082453           0.004638718          -0.382475186
  105      1          -4.923733957           0.761964985          -0.811781800           0.002851283           0.193880528           0.014706392          -0.381714384
  106      1          -4.731316222           1.990571639          -0.951623730           0.002945348           0.201971797           0.014582969          -0.380068718
  107      1          -4.055528351           1.060429430          -1.662189149           0.002615466           0.201971797           0.012949660          -0.388519651
  108      1          -4.164828568           3.097635608          -0.811781800           0.002761426           0.193880528           0.014242927          -0.378630673
  109      1          -3.637868476           2.345854348          -1.662189149           0.002724819           0.201971797           0.013491088          -0.388620414
  110      1          -3.112264259           1.436771252          -2.061866482           0.000529657           0.093666977           0.005654678          -0.390162979
  111      1          -4.627714171           1.277939104          -1.205669143           0.003182263           0.223753522           0.014222180          -0.384641873
  112      1          -4.228625507           2.506207712          -1.205669143           0.003166925           0.223753522           0.014153632          -0.383452691
  113      1          -3.582886486           1.617424197          -1.884639331           0.002356407           0.223753522           0.010531263          -0.390970470
  114      1          -3.547810614           3.545925391          -0.811781799           0.002849973           0.193880528           0.014699634          -0.380809105
  115      1          -2.319875901           3.742585586          -0.951623729           0.002580422           0.201971797           0.012776150          -0.378274504
  116      1          -2.995663772           2.812443377          -1.662189148           0.002368113           0.201971797           0.011724967          -0.385612838
  117      1          -1.337019028           3.732904155          -0.712053009           0.000391678           0.065720283           0.005959780          -0.361477109
  118      1          -2.032045455           3.045131524          -1.583175811           0.000246527           0.035214577           0.007000702          -0.369559600
  119      1          -2.719771083           2.030480856          -2.036748219           0.000206180           0.028359884           0.007270131          -0.386220046
  120      1          -2.965614922           3.423838615          -1.205669142           0.002987441           0.223753522           0.013351481          -0.382936746
  121      1          -1.773585759           3.469182650          -1.187115242           0.001053579           0.162864376           0.006469055          -0.366391253
  122      1          -2.466894248           2.601543342          -1.850289377           0.000784596           0.139660996           0.005617862          -0.380165955
  123      3           0.847442569          -2.846269563           4.162706704           0.002862294           0.193880528           0.014763187          -0.378871675
  124      3           1.966077065          -2.499170525           3.721987087           0.003011649           0.201971797           0.014911237          -0.383173557
  125      3           1.548417191          -3.784595443           3.721987087           0.002693862           0.201971797           0.013337814          -0.369878594
  126      3           2.834282671          -2.200706080           2.871579738           0.002610075           0.193880528           0.013462288          -0.388946694
  127      3           2.641864936          -3.429312734           3.011421668           0.002927965           0.201971797           0.014496899          -0.378631855
  128      3           2.075377282          -4.536376703           2.871579738           0.002165182           0.193880528           0.011167611          -0.360902696
  129      3           1.493435200          -3.056165293           3.944437269           0.003180077           0.223753522           0.014212409          -0.378200904
  130      3           2.538262885          -2.716680199           3.265467081           0.003179595           0.223753522           0.014210255          -0.384640316
  131      3           2.139174221          -3.944948807           3.265467081           0.002825365           0.223753522           0.012627129          -0.369628093
  132      3           0.611762682          -2.120921455           4.162706704           0.002758868           0.193880528           0.014229732          -0.379558891
  133      3           1.720776695          -1.744213617           3.721987087           0.002514628           0.201971797           0.012450390          -0.380925948
  134      3           0.774775122          -1.072730209           3.769523169           0.000380104           0.114474717           0.003320419          -0.361063524
  135      3           2.615046732          -1.408874969           2.807609157           0.001357630           0.172637439           0.007864055          -0.387166974
  136      3           1.474450263          -0.983214250           3.478360874           0.000005924           0.004682128           0.001265341          -0.364131811
  137      3           1.011008085          -1.571407301           3.944437269           0.002397015           0.223753522           0.010712749          -0.375074827
  138      3           1.954304732          -1.239010718           3.347140711           0.001126831           0.177978932           0.006331262          -0.376973191
  139      3           1.331883092          -0.973795338           3.538226483           0.000007307           0.003504080           0.002085416          -0.362044065
  140      3           0.230424615          -3.294559346           4.162706704           0.002775022           0.193880528           0.014313051          -0.375423697
  141      3           0.906212487          -4.251184472           3.721987087           0.002392444           0.201971797           0.011845434          -0.362037699
  142      3          -0.445363257          -4.251184472           3.721987087           0.002490654           0.201971797           0.012331694          -0.364579162
  143      3           1.458359328          -4.984666486           2.871579738           0.001784426           0.193880528           0.009203738          -0.351425003
  144      3           0.230424615          -5.181326681           3.011421667           0.001731297           0.201971797           0.008571976          -0.347663213
  145      3          -0.997510099          -4.984666486           2.871579738           0.002000178           0.193880528           0.010316548          -0.356760569
  146      3           0.230424615          -3.973796196           3.944437269           0.002746156           0.223753522           0.012273129          -0.366864556
  147      3           0.876163636          -4.862579711           3.265467081           0.002056967           0.223753522           0.009193002          -0.352040414
  148      3          -0.415314406          -4.862579711           3.265467081           0.002183065           0.223753522           0.009756559          -0.354894870
  149      3          -0.386593339          -2.846269563           4.162706704           0.002885743           0.193880528           0.014884130          -0.380041046
  150      3          -1.087567961          -3.784595443           3.721987087           0.002818092           0.201971797           0.013952896          -0.373913127
  151      3          -1.505227835          -2.499170525           3.721987087           0.003011489           0.201971797           0.014910442          -0.385492549
  152      3          -1.614528052          -4.536376703           2.871579738           0.002412660           0.193880528           0.012444055          -0.367584624
  153      3          -2.181015706          -3.429312734           3.011421668           0.002990223           0.201971797           0.014805153          -0.383675373
  154      3          -2.373433442          -2.200706080           2.871579738           0.002078059           0.193880528           0.010718243          -0.390815154
  155      3          -1.032585971          -3.056165293           3.944437269           0.003229513           0.223753522           0.014433352          -0.380903873
  156      3          -1.678324992          -3.944948807           3.265467081           0.003014674           0.223753522           0.013473190          -0.375353816
  157      3          -2.077413655          -2.716680199           3.265467081           0.003035135           0.223753522           0.013564637          -0.387947983
  158      3          -0.150913452          -2.120921455           4.162706704           0.002890969           0.193880528           0.014911086          -0.379791039
  159      3          -1.205638624          -1.597659159           3.698773620           0.001792451           0.201035479           0.008916091          -0.378822812
  160      3          -0.122682749          -1.145257731           3.839315055           0.000425278           0.086553380           0.004913476          -0.361738311
  161      3          -2.207467694          -1.643522719           2.879567919           0.000332976           0.091616619           0.003634445          -0.388277743
  162      3          -0.620371516          -1.457603920           3.881058111           0.001831598           0.222586561           0.008228701          -0.372562093
  163      3          -1.619726561          -1.473754492           3.379432267           0.000577444           0.095460155           0.006049054          -0.380708730
  164      3           3.215620738          -2.324610329           2.222808669           0.002437729           0.193880528           0.012573358          -0.389855874
  165      3           3.038769271          -3.558274769           2.336167681           0.002951187           0.201971797           0.014611877          -0.379744487
  166      3           3.456429144          -2.983415270           1.186448684           0.002941309           0.201971797           0.014562968          -0.384857982
  167      3           2.456715349          -4.660280951           2.222808668           0.002237545           0.193880528           0.011540846          -0.362648014
  168      3           3.038769270          -4.268840188           1.186448683           0.002878006           0.201971797           0.014249543          -0.374681219
  169      3           3.215620738          -3.615737294           0.133721356           0.002846912           0.193880528           0.014683847          -0.380707777
  170      3           3.318846354          -2.970307143           1.937459162           0.003122769           0.223753522           0.013956290          -0.386169162
  171      3           2.919757691          -4.198575750           1.937459162           0.002936174           0.223753522           0.013122360          -0.372444945
  172      3           3.318846354          -3.649277330           0.838862322           0.003233769           0.223753522           0.014452369          -0.381336782
  173      3           2.911589863          -1.434301174           2.359192497           0.000384424           0.046297028           0.008303424          -0.389672794
  174      3           3.220517187          -1.739806020           1.873987294           0.001138979           0.148878758           0.007650379          -0.390134479
  175      3           3.448084924          -2.250783704           0.742684173           0.001879598           0.191310684           0.009824847          -0.379775969
  176      3           3.215620738          -2.966966224          -0.267241215           0.002231886           0.193880528           0.011511656          -0.375118825
  177      3           3.353654153          -1.795057425           1.271607727           0.000695594           0.099009086           0.007025554          -0.384315901
  178      3           3.268441513          -2.389247649          -0.148838885           0.000944726           0.178214037           0.005301077          -0.366538508
  179      3           1.458359328          -5.385629058           2.222808668           0.001607403           0.193880528           0.008290691          -0.347156992
  180      3           0.230424615          -5.598656595           2.336167681           0.001526705           0.201971797           0.007559001          -0.343021485
  181      3           0.906212486          -5.818233384           1.186448684           0.001715664           0.201971796           0.008494574          -0.347099311
  182      3          -0.997510098          -5.385629058           2.222808668           0.001843508           0.193880528           0.009508472          -0.352747736
  183      3          -0.445363256          -5.818233384           1.186448684           0.001860033           0.201971796           0.009209370          -0.350199818
  184      3           0.230424615          -5.784609232           0.133721357           0.002101961           0.193880528           0.010841527          -0.359206194
  185      3           0.876163636          -5.683333741           1.937459161           0.001625898           0.223753522           0.007266468          -0.343208684
  186      3          -0.415314406          -5.683333741           1.937459161           0.001775065           0.223753522           0.007933128          -0.346348839
  187      3           0.230424615          -5.893147067           0.838862322           0.001949281           0.223753522           0.008711732          -0.350132549
  188      3           2.075377282          -5.185147772           1.821846096           0.001923867           0.193880528           0.009922953          -0.354713609
  189      3           2.641864936          -4.815132138           0.769118769           0.002689926           0.201971797           0.013318323          -0.368958587
  190      3           1.548417190          -5.609568427           0.769118769           0.002057051           0.201971797           0.010184845          -0.354899052
  191      3           2.834282671          -4.140604115          -0.267241216           0.002887965           0.193880528           0.014895593          -0.379597656
  192      3           1.966077064          -5.034708928          -0.380600228           0.002843851           0.201971797           0.014080435          -0.373236711
  193      3           0.847442568          -5.584127946          -0.267241215           0.002340124           0.193880528           0.012069929          -0.365484043
  194      3           2.139174221          -5.272956725           1.116705131           0.002368265           0.223753522           0.010584259          -0.358484602
  195      3           2.538262884          -4.723658305           0.018108291           0.003072998           0.223753522           0.013733851          -0.374288033
  196      3           1.493435200          -5.482770052           0.018108291           0.002602794           0.223753522           0.011632416          -0.363992820
  197      3          -1.995866119          -4.660280951           2.222808668           0.002518666           0.193880528           0.012990813          -0.370054996
  198      3          -2.577920041          -3.558274769           2.336167681           0.002993182           0.201971797           0.014819804          -0.384434072
  199      3          -2.577920040          -4.268840188           1.186448683           0.003031820           0.201971797           0.015011104          -0.379534803
  200      3          -2.754771508          -2.324610329           2.222808669           0.001762390           0.193880528           0.009090081          -0.389857808
  201      3          -2.995579914          -2.983415270           1.186448684           0.002273912           0.201971797           0.011258561          -0.381889381
  202      3          -2.754771508          -3.615737294           0.133721356           0.002530756           0.193880528           0.013053170          -0.377951658
  203      3          -2.458908461          -4.198575750           1.937459162           0.003143213           0.223753522           0.014047657          -0.378651385
  204      3          -2.857997124          -2.970307143           1.937459162           0.002805201           0.223753522           0.012537014          -0.387248669
  205      3          -2.857997124          -3.649277330           0.838862322           0.003053479           0.223753522           0.013646620          -0.381508512
  206      3          -1.614528052          -5.185147772           1.821846096           0.002221244           0.193880528           0.011456765          -0.361943478
  207      3          -1.087567960          -5.609568427           0.769118769           0.002288822           0.201971797           0.011332383          -0.360087631
  208      3          -2.181015706          -4.815132138           0.769118769           0.002924719           0.201971797           0.014480827          -0.374829977
  209      3          -0.386593338          -5.584127946          -0.267241215           0.002417601           0.193880528           0.012469538          -0.367520461
  210      3          -1.505227834          -5.034708928          -0.380600228           0.002969034           0.201971797           0.014700242          -0.376998217
  211      3          -2.373433441          -4.140604115          -0.267241216           0.002814358           0.193880528           0.014515940          -0.380068478
  212      3          -1.678324991          -5.272956725           1.116705131           0.002684258           0.223753522           0.011996493          -0.365276332
  213      3          -1.032585970          -5.482770052           0.018108291           0.002787665           0.223753522           0.012458642          -0.368091766
  214      3          -2.077413654          -4.723658305           0.018108291           0.003215110           0.223753522           0.014368980          -0.378242398
  215      3          -2.791383508          -1.949357030           1.951589385          -0.000115232           0.040171612          -0.002868503          -0.386484736
  216      3          -3.014416947          -2.474979291           0.897373501           0.000445073           0.106383135           0.004183678          -0.372644869
  217      3          -2.770170832          -2.999542796          -0.220516311           0.001078186           0.158607912           0.006797808          -0.364663319
  218      3          -2.959040331          -2.182870538           1.399279634           0.000083545           0.010662194           0.007835594          -0.378907381
  219      3          -2.934519695          -2.691215029           0.239067137           0.000245516           0.043587234           0.005632742          -0.363629858
  220      3           2.598602785          -3.816218580          -0.916012285           0.002735860           0.193880528           0.014111062          -0.380154116
  221      3           1.720776695          -4.697081935          -1.055854215           0.003018929           0.201971797           0.014947279          -0.380601370
  222      3           1.720776695          -3.547362936          -1.766419634           0.002143453           0.201971797           0.010612635          -0.381567024
  223      3           0.611762682          -5.259742411          -0.916012285           0.002679003           0.193880528           0.013817804          -0.375810135
  224      3           0.627328950          -4.341799226          -1.766419634           0.002859274           0.201971797           0.014156800          -0.388009147
  225      3           0.782970027          -3.238780425          -2.169864944           0.000412224           0.105663284           0.003901302          -0.386281301
  226      3           2.055835769          -4.059654345          -1.309899628           0.003093178           0.223753522           0.013824044          -0.382524407
  227      3           1.011008085          -4.818766093          -1.309899628           0.003178219           0.223753522           0.014204109          -0.382312373
  228      3           1.011008085          -3.720169252          -1.988869816           0.002374317           0.223753522           0.010611306          -0.387753714
  229      3           2.834282671          -3.090870473          -0.916012285           0.002003260           0.193880528           0.010332446          -0.371909109
  230      3           1.844880465          -3.019880085          -1.818325338           0.000339768           0.092566518           0.003670527          -0.371255374
  231      3           2.688104686          -2.698877167          -1.148628395           0.000225669           0.103731814           0.002175506          -0.359895178
  232      3          -0.150913452          -5.259742411          -0.916012285           0.002707504           0.193880528           0.013964809          -0.376762935
  233      3          -1.259927466          -4.697081935          -1.055854215           0.003034133           0.201971797           0.015022557          -0.382663275
  234      3          -0.166479720          -4.341799226          -1.766419634           0.002925980           0.201971797           0.014487073          -0.388647848
  235      3          -2.137753555          -3.816218580          -0.916012285           0.002368867           0.193880528           0.012218179          -0.378094352
  236      3          -1.276906311          -3.488478307          -1.775843929           0.001449638           0.190853741           0.007595541          -0.381256945
  237      3          -0.219880708          -3.361732114          -2.160573776           0.000481575           0.074769532           0.006440794          -0.389637748
  238      3          -0.550158855          -4.818766093          -1.309899628           0.003193680           0.223753522           0.014273206          -0.383678667
  239      3          -1.594986539          -4.059654345          -1.309899628           0.002890266           0.223753522           0.012917186          -0.382789358
  240      3          -0.583984279          -3.628312584          -2.011534325           0.001935559           0.217641952           0.008893318          -0.388928465
  241      3          -2.317595910          -3.175512649          -0.969424985           0.000827970           0.146747592           0.005642140          -0.364656739
  242      3          -1.675415625          -3.180815404          -1.600230476           0.000068805           0.023194828           0.002966381          -0.369977853
  243      3          -1.949851609          -3.126394428          -1.384429555           0.000084834           0.015843466           0.005354527          -0.365020668
  244      4           2.899158556           1.289343324           3.947733693           0.002871613           0.193880528           0.014811249          -0.379440263
  245      4           4.017793052           1.636442362           3.507014076           0.002628631           0.201971797           0.013014844          -0.367961163
  246      4           3.600133178           0.351017444           3.507014076           0.003019643           0.201971797           0.014950815          -0.382001001
  247      4           4.885998659           1.934906807           2.656606728           0.001892917           0.193880528           0.009763317          -0.354008977
  248      4           4.693580924           0.706300153           2.796448657           0.002707317           0.201971797           0.013404431          -0.371271914
  249      4           4.127093269          -0.400763816           2.656606727           0.002785530           0.193880528           0.014367252          -0.385900920
  250      4           3.545151188           1.079447594           3.729464258           0.003147944           0.223753522           0.014068800          -0.377185079
  251      4           4.589978872           1.418932688           3.050494070           0.002590040           0.223753522           0.011575416          -0.363757101
  252      4           4.190890209           0.190664080           3.050494070           0.003146217           0.223753522           0.014061083          -0.380511000
  253      4           2.663478669           2.014691432           3.947733693           0.002853649           0.193880528           0.014718596          -0.378047782
  254      4           3.772492683           2.391399270           3.507014076           0.002472165           0.201971797           0.012240150          -0.363858066
  255      4           2.679044937           3.185835560           3.507014076           0.002811244           0.201971797           0.013918993          -0.372821989
  256      4           4.650318772           2.660254914           2.656606728           0.001673517           0.193880528           0.008631690          -0.348701360
  257      4           3.772492683           3.541118269           2.796448657           0.002029357           0.201971797           0.010047727          -0.354366427
  258      4           2.663478669           4.103778746           2.656606727           0.002467760           0.193880528           0.012728249          -0.369134936
  259      4           3.062724072           2.564205586           3.729464258           0.002952516           0.223753522           0.013195393          -0.371617049
  260      4           4.107551757           2.903690680           3.050494070           0.002165143           0.223753522           0.009676463          -0.354186705
  261      4           3.062724072           3.662802427           3.050494070           0.002626318           0.223753522           0.011737549          -0.364900946
  262      4           2.282140602           0.841053540           3.947733693           0.002643358           0.193880528           0.013633953          -0.379238582
  263      4           2.957928474          -0.115571585           3.507014076           0.002716716           0.201971797           0.013450968          -0.384021766
  264      4           1.780330035          -0.068231174           3.570885965           0.000345349           0.107075524           0.003225282          -0.365209639
  265      4           3.510075316          -0.849053600           2.656606727           0.002340297           0.193880528           0.012070821          -0.389911001
  266      4           2.537148106          -1.001186306           2.835122001           0.000077663           0.067097331           0.001157471          -0.382957247
  267      4           2.282140602           0.161816691           3.729464258           0.002409741           0.223753522           0.010769624          -0.377512349
  268      4           2.927879623          -0.726966824           3.050494070           0.002153779           0.223753522           0.009625677          -0.386669948
  269      4           2.108080175          -0.552095898           3.285686432           0.000075599           0.015263534           0.004952913          -0.371814544
  270      4           1.665122649           1.289343324           3.947733693           0.002424897           0.193880528           0.012507173          -0.376363982
  271      4           1.339262112           0.476085665           3.703550721           0.000142904           0.029437520           0.004854483          -0.358714650
  272      4           0.678219018           1.765584912           3.576354759           0.000678242           0.109107058           0.006216295          -0.369915331
  273      4           1.108380173           1.078141889           3.765716319           0.001026442           0.169539753           0.006054286          -0.364200144
  274      4           1.900802535           2.014691432           3.947733693           0.002815804           0.193880528           0.014523398          -0.380872001
  275      4           0.655192537           2.341556621           3.444644202           0.001836731           0.201572708           0.009112000          -0.380359313
  276      4           1.885236268           3.185835560           3.507014076           0.003031288           0.201971797           0.015008470          -0.381308155
  277      4           0.070247964           2.889470687           2.689766888           0.000247964           0.050885714           0.004872955          -0.386943732
  278      4           0.791788522           3.541118269           2.796448657           0.002804514           0.201971797           0.013885673          -0.389329916
  279      4           1.900802535           4.103778746           2.656606727           0.002758507           0.193880528           0.014227872          -0.379473115
  280      4           1.501557132           2.564205586           3.729464258           0.003278980           0.223753522           0.014654431          -0.383012352
  281      4           0.387265009           2.765236125           3.075257522           0.001790169           0.222867441           0.008032436          -0.385733282
  282      4           1.501557132           3.662802427           3.050494070           0.003198879           0.223753522           0.014296440          -0.384331409
  283      4           5.267336726           1.811002558           2.007835658           0.001816575           0.193880528           0.009369559          -0.352223098
  284      4           5.090485258           0.577338117           2.121194671           0.002661736           0.201971797           0.013178750          -0.369938456
  285      4           5.508145132           1.152197617           0.971475673           0.002400448           0.201971797           0.011885064          -0.362621447
  286      4           4.508431336          -0.524668064           2.007835657           0.002802878           0.193880528           0.014456729          -0.385009703
  287      4           5.090485258          -0.133227301           0.971475673           0.003003438           0.201971797           0.014870579          -0.379148457
  288      4           5.267336725           0.519875593          -0.081251654           0.002780295           0.193880528           0.014340247          -0.375815769
  289      4           5.370562341           1.165305744           1.722486151           0.002450645           0.223753522           0.010952431          -0.360650268
  290      4           4.971473678          -0.062962864           1.722486151           0.003112587           0.223753522           0.013910785          -0.378543748
  291      4           5.370562341           0.486335557           0.623889311           0.002997563           0.223753522           0.013396718          -0.372799967
  292      4           4.885998659           2.984640449           2.007835658           0.001440294           0.193880528           0.007428770          -0.343247430
  293      4           4.017793052           3.878745262           2.121194671           0.001802694           0.201971797           0.008925475          -0.349112810
  294      4           4.693580923           3.659168472           0.971475673           0.001644269           0.201971797           0.008141081          -0.345621864
  295      4           2.899158556           4.428164280           2.007835658           0.002336780           0.193880528           0.012052682          -0.365173241
  296      4           3.600133177           4.453604761           0.971475673           0.002216344           0.201971797           0.010973531          -0.358007404
  297      4           4.127093269           4.029184106          -0.081251654           0.002151132           0.193880528           0.011095143          -0.360070665
  298      4           4.589978872           3.567694639           1.722486151           0.001645206           0.223753522           0.007352760          -0.343513846
  299      4           3.545151188           4.326806386           1.722486151           0.002222163           0.223753522           0.009931296          -0.355904869
  300      4           4.190890208           4.116993060           0.623889312           0.002088289           0.223753522           0.009332987          -0.352833388
  301      4           5.267336725           2.459773628           1.606873086           0.001538414           0.193880528           0.007934854          -0.345557286
  302      4           5.508145132           1.827451604           0.554145759           0.002163986           0.201971797           0.010714298          -0.356927942
  303      4           5.090485258           3.112876522           0.554145759           0.001745256           0.201971797           0.008641088          -0.347976339
  304      4           5.267336726           1.168646663          -0.482214226           0.002677114           0.193880528           0.013808062          -0.373014636
  305      4           5.090485258           2.402311104          -0.595573239           0.002497709           0.201971797           0.012366621          -0.365095116
  306      4           4.508431336           3.504317286          -0.482214226           0.002213854           0.193880528           0.011418649          -0.362074672
  307      4           5.370562341           2.493313664           0.901732121           0.001870910           0.223753522           0.008361476          -0.348130518
  308      4           5.370562341           1.814343477          -0.196864719           0.002617805           0.223753522           0.011699502          -0.364277642
  309      4           4.971473678           3.042612085          -0.196864719           0.002274079           0.223753522           0.010163320          -0.357080105
  310      4           3.510075316          -1.250016171           2.007835657           0.001762096           0.193880528           0.009088567          -0.390818497
  311      4           2.826045227          -1.252352428           2.420903331           0.000014403           0.001492976           0.009647386          -0.387825501
  312      4           3.429988548          -1.521699900           1.184478224           0.000065119           0.012124066           0.005371083          -0.382329408
  313      4           3.183138454          -1.462198241           1.781830946           0.000009954           0.053442207           0.000186260          -0.388449861
  314      4           4.127093269          -1.049534885           1.606873086           0.002455792           0.193880528           0.012666521          -0.388130279
  315      4           4.693580923          -0.679519251           0.554145758           0.002938809           0.201971797           0.014550590          -0.382523233
  316      4           3.707258544          -1.429137490           0.647323123           0.000666622           0.128889917           0.005172028          -0.376453650
  317      4           4.885998659          -0.004991228          -0.482214226           0.002875395           0.193880528           0.014830757          -0.380107579
  318      4           3.987560075          -0.916948431          -0.602336245           0.001547633           0.187216413           0.008266544          -0.366897827
  319      4           4.190890208          -1.137343838           0.901732120           0.002553759           0.223753522           0.011413270          -0.383969164
  320      4           4.589978872          -0.588045418          -0.196864720           0.003045663           0.223753522           0.013611687          -0.379458819
  321      4           3.821063172          -1.241181780          -0.096235089           0.000449570           0.075296308           0.005970671          -0.366428053
  322      4           0.035487954           3.248486954           2.319826103           0.000161529           0.016332235           0.009890199          -0.389860959
  323      4           0.546488153           3.878745262           2.121194671           0.002441022           0.201971797           0.012085953          -0.390029826
  324      4           0.091779254           3.864846821           1.118092206           0.000463941           0.065815244           0.007049146          -0.380892939
  325      4           1.665122649           4.428164280           2.007835658           0.002810987           0.193880528           0.014498552          -0.381553270
  326      4           0.964148027           4.453604761           0.971475673           0.002881175           0.201971797           0.014265233          -0.383857992
  327      4           0.493708035           4.031974704          -0.187778641           0.000968137           0.155634826           0.006220569          -0.366040196
  328      4           0.037490829           3.608490420           1.781359123           0.000930199           0.147111445           0.006323090          -0.388307760
  329      4           1.019130017           4.326806386           1.722486151           0.003046973           0.223753522           0.013617543          -0.386488119
  330      4           0.348374097           4.098734073           0.625782272           0.001756890           0.204797018           0.008578688          -0.377011822
  331      4           0.491779747           3.813589769          -0.636961326          -0.000013617           0.003443290          -0.003954739          -0.355060930
  332      4           2.282140602           4.628645566           1.606873086           0.002657164           0.193880528           0.013705161          -0.374291373
  333      4           1.606352731           4.662269718           0.554145759           0.003048978           0.201971796           0.015096059          -0.381126089
  334      4           2.957928474           4.662269718           0.554145759           0.002672452           0.201971796           0.013231808          -0.368824108
  335      4           1.054205889           4.229665392          -0.482214225           0.002296025           0.193880528           0.011842471          -0.374454936
  336      4           2.282140602           4.442692929          -0.595573238           0.003085726           0.201971797           0.015278003          -0.379656057
  337      4           3.510075316           4.229665392          -0.482214225           0.002550130           0.193880528           0.013153099          -0.370142254
  338      4           2.282140602           4.737183402           0.901732120           0.003094836           0.223753522           0.013831450          -0.375489893
  339      4           1.636401582           4.527370075          -0.196864719           0.003222855           0.223753522           0.014403596          -0.380219990
  340      4           2.927879623           4.527370075          -0.196864719           0.003050582           0.223753522           0.013633673          -0.373465351
  341      4           4.650318772           0.319394307          -1.130985296           0.002834732           0.193880528           0.014621025          -0.380769601
  342      4           3.753569508          -0.435884008          -1.403102849           0.000693927           0.156251400           0.004441091          -0.363487124
  343      4           3.772492683           0.588249951          -1.981392644           0.002102846           0.201971797           0.010411580          -0.381135027
  344      4           2.984184352           1.090907281          -2.385623468           0.000164903           0.047005564           0.003508156          -0.385657612
  345      4           4.107551757           0.075958541          -1.524872639           0.002472719           0.223753522           0.011051082          -0.376942304
  346      4           3.327135512           0.411615243          -2.119911691           0.000226733           0.087961713           0.002577639          -0.374898556
  347      4           4.885998659           1.044742414          -1.130985296           0.002840515           0.193880528           0.014650850          -0.379643775
  348      4           4.693580924           2.273349068          -1.270827225           0.002857174           0.201971797           0.014146399          -0.375743132
  349      4           4.017793052           1.343206859          -1.981392644           0.002803691           0.201971797           0.013881599          -0.386245019
  350      4           4.127093269           3.380413037          -1.130985295           0.002605236           0.193880528           0.013437325          -0.373165755
  351      4           3.600133178           2.628631777          -1.981392644           0.002965438           0.201971797           0.014682438          -0.386612030
  352      4           2.902865724           1.672627542          -2.422455629           0.001350089           0.172330297           0.007834308          -0.390617735
  353      4           4.589978872           1.560716533          -1.524872639           0.003197010           0.223753522           0.014288086          -0.381645358
  354      4           4.190890209           2.788985141          -1.524872638           0.003113578           0.223753522           0.013915212          -0.379109418
  355      4           3.545151188           1.900201627          -2.203842826           0.002901493           0.223753522           0.012967361          -0.389294524
  356      4           0.594316116           3.758573663          -0.839894657          -0.000032740           0.006253664          -0.005235343          -0.354509769
  357      4           0.984286767           3.809347165          -1.108025679           0.001161721           0.181758356           0.006391567          -0.364892614
  358      4           2.282140602           4.025363015          -1.270827225           0.003149122           0.201971797           0.015591891          -0.381672512
  359      4           1.705284549           3.173771402          -1.956784580           0.000979478           0.140575390           0.006967634          -0.376834175
  360      4           3.510075316           3.828702821          -1.130985295           0.002746711           0.193880528           0.014167028          -0.376649481
  361      4           2.957928474           3.095220806          -1.981392644           0.002968551           0.201971797           0.014697849          -0.386939721
  362      4           2.351645305           2.238167700          -2.399433739           0.000548988           0.107175489           0.005122331          -0.388923243
  363      4           1.522639466           3.636265149          -1.556799017           0.002149874           0.221182087           0.009719928          -0.374307201
  364      4           2.927879623           3.706616045          -1.524872638           0.003216222           0.223753522           0.014373949          -0.382887101
  365      4           2.219334733           2.782708615          -2.218656146           0.001911679           0.213494882           0.008954213          -0.385863614
  366      5           3.039479688          -0.374444425          -2.708364590           0.001009959           0.150910489           0.006692435          -0.370981928
  367      5           2.601591017          -1.704563060          -2.671555317           0.001068608           0.168840356           0.006329102          -0.365085348
  368      5           2.792489682          -1.021141789          -3.666967219           0.002924541           0.193880528           0.015084241          -0.380044903
  369      5           2.898791351          -1.054247432          -2.856978648           0.001920877           0.218546422           0.008789333          -0.369812642
  370      5           2.182517144           2.159800854          -2.637275148           0.000872712           0.144120527           0.006055435          -0.388863534
  371      5           0.978943375           2.970287216          -2.572837530           0.001022861           0.174909759           0.005847933          -0.372184255
  372      5           1.652246226           2.488166724          -3.666967218           0.002881396           0.193880528           0.014861707          -0.386234580
  373      5           1.718898026           2.577437563          -2.849535582           0.002081411           0.219402952           0.009486703          -0.385123542
  374      5           3.039574459           0.281967887          -2.900380229           0.001967069           0.200161462           0.009827410          -0.381098921
  375      5           2.616938395           1.579614751          -2.927790464           0.002006552           0.197663396           0.010151358          -0.390980265
  376      5           2.792489682          -0.372370719          -4.067929790           0.002864100           0.193880528           0.014772499          -0.381496092
  377      5           2.615638215           0.861293721          -4.181288803           0.003020760           0.201971797           0.014956344          -0.383838829
  378      5           2.033584293           1.963299903          -4.067929790           0.002820424           0.193880528           0.014547228          -0.385306848
  379      5           2.885434402           0.983010960          -2.681095577           0.001252231           0.178236429           0.007025672          -0.386477383
  380      5           2.895715298           0.273326095          -3.782580284           0.003258371           0.223753522           0.014562324          -0.384428654
  381      5           2.496626635           1.501594702          -3.782580283           0.003215029           0.223753522           0.014368617          -0.387911703
  382      5           1.092964307          -2.982056007          -2.255692633           0.000011851           0.001238585           0.009567778          -0.380292424
  383      5           0.483081430          -3.223637880          -2.614239891           0.001814651           0.201971796           0.008984678          -0.389985285
  384      5          -1.483326243          -2.954643914          -2.138134619           0.000076390           0.010918020           0.006996662          -0.374315207
  385      5          -0.868494312          -3.223637880          -2.614239891           0.001858443           0.201971796           0.009201499          -0.387644652
  386      5          -0.192706441          -3.190013727          -3.666967218           0.002776080           0.193880528           0.014318507          -0.386878775
  387      5           0.513395146          -3.165790958          -2.218473744           0.000031270           0.015664055           0.001996291          -0.387156118
  388      5          -0.785515020          -3.178673898          -2.165578393           0.000019713           0.053135068           0.000371006          -0.384382225
  389      5          -0.192706441          -3.298551563          -2.961826253           0.002557726           0.223753522           0.011430999          -0.390572808
  390      5           1.504086504          -2.769054674          -2.276316652           0.000013663           0.013330852           0.001024947          -0.373051015
  391      5           2.227196451          -2.220984950          -2.849553865           0.001936305           0.201971681           0.009587014          -0.373318109
  392      5           1.125286134          -3.014972922          -3.031569806           0.002543160           0.201971797           0.012591658          -0.386388436
  393      5           2.411151615          -1.546008610          -4.067929790           0.002897105           0.193880528           0.014942735          -0.379930896
  394      5           1.542946009          -2.440113423          -4.181288803           0.003055245           0.201971797           0.015127089          -0.380708923
  395      5           0.424311513          -2.989532441          -4.067929790           0.002805712           0.193880528           0.014471346          -0.383272033
  396      5           1.847130021          -2.570875098          -2.588583574           0.001424596           0.223750090           0.006366906          -0.373747567
  397      5           2.115131828          -2.129062800          -3.782580284           0.003400216           0.223753522           0.015196255          -0.381075754
  398      5           1.070304144          -2.888174547          -3.782580284           0.003187138           0.223753522           0.014243967          -0.384766000
  399      5          -2.549662715          -2.169313549          -2.099745275           0.000083574           0.016187120           0.005162989          -0.358927571
  400      5          -3.195396723          -1.026639250          -2.050251298           0.000050841           0.009133470           0.005566484          -0.361489703
  401      5          -3.001051096          -1.674244683          -2.614239892           0.002147697           0.201971797           0.010633649          -0.372648133
  402      5          -3.342932193           0.277897260          -2.093236613           0.000141119           0.017184172           0.008212134          -0.380866532
  403      5          -3.418710970          -0.388819765          -2.614239891           0.002130399           0.201971797           0.010548002          -0.380390961
  404      5          -3.177902564          -1.021141789          -3.666967219           0.002871407           0.193880528           0.014810187          -0.380868723
  405      5          -2.945891452          -1.624658897          -2.109592212           0.000188311           0.092879402           0.002027476          -0.359062342
  406      5          -3.344299384          -0.397393963          -2.107191966           0.000238703           0.094273245           0.002532034          -0.371713790
  407      5          -3.281128180          -1.054681825          -2.961826253           0.002806012           0.223753522           0.012540637          -0.379439391
  408      5          -2.056369158          -2.629400767          -2.156389222           0.000219066           0.097354146           0.002250200          -0.366447870
  409      5          -1.510699016          -3.014972922          -3.031569806           0.002607077           0.201971797           0.012908122          -0.384517602
  410      5          -2.604146761          -2.220536633          -3.031569806           0.002716431           0.201971797           0.013449557          -0.378546932
  411      5          -0.809724394          -2.989532441          -4.067929790           0.002801779           0.193880528           0.014451059          -0.382141427
  412      5          -1.928358890          -2.440113423          -4.181288803           0.002990888           0.201971797           0.014808442          -0.378265246
  413      5          -2.796564497          -1.546008610          -4.067929790           0.002840872           0.193880528           0.014652692          -0.378046270
  414      5          -2.101456047          -2.678361221          -2.683983444           0.002355166           0.223753522           0.010525716          -0.377470229
  415      5          -1.455717026          -2.888174547          -3.782580284           0.003194001           0.223753522           0.014274639          -0.383018186
  416      5          -2.500544710          -2.129062800          -3.782580284           0.003243915           0.223753522           0.014497718          -0.380033603
  417      5          -2.945784564           1.546513963          -2.165232960           0.000075218           0.007752274           0.009702641          -0.389542682
  418      5          -2.062169755           2.519711581          -2.144527372           0.000014307           0.001612270           0.008874035          -0.374273259
  419      5          -2.604146761           2.118151090          -2.614239891           0.001982869           0.201971797           0.009817553          -0.387848839
  420      5          -0.873481785           3.073032932          -2.239469371          -0.000000456           0.002001244          -0.000227724          -0.356681122
  421      5          -1.510699016           2.912587379          -2.614239891           0.001781885           0.201971797           0.008822447          -0.374251055
  422      5          -2.037659108           2.488166724          -3.666967218           0.002815528           0.193880528           0.014521972          -0.383650954
  423      5          -2.560316260           2.070931777          -2.147886762           0.000122583           0.060381178           0.002030148          -0.384589049
  424      5          -1.498410737           2.859032478          -2.198114034          -0.000071168           0.036335295          -0.001958635          -0.364367086
  425      5          -2.101456047           2.575975677          -2.961826253           0.002596665           0.223753522           0.011605026          -0.383893471
  426      5          -3.221569359           0.903674777          -2.130910872           0.000450677           0.092417221           0.004876546          -0.387930601
  427      5          -3.418710970           0.286434222          -3.031569805           0.002661612           0.201971797           0.013178136          -0.386712871
  428      5          -3.001051096           1.571859139          -3.031569805           0.002581889           0.201971797           0.012783413          -0.389959507
  429      5          -3.177902564          -0.372370719          -4.067929790           0.002813262           0.193880528           0.014510288          -0.379408466
  430      5          -3.001051097           0.861293721          -4.181288803           0.002946498           0.201971797           0.014588661          -0.380124141
  431      5          -2.418997175           1.963299903          -4.067929790           0.002801990           0.193880528           0.014452148          -0.381692609
  432      5          -3.281128180           0.952296282          -2.683983444           0.002325883           0.223753522           0.010394844          -0.390137270
  433      5          -3.281128180           0.273326095          -3.782580284           0.003182544           0.223753522           0.014223435          -0.383330805
  434      5          -2.882039517           1.501594702          -3.782580283           0.003157679           0.223753522           0.014112309          -0.384974643
  435      5          -0.177720842           3.151903695          -2.271011082          -0.000082103           0.022002261          -0.003731588          -0.354413436
  436      5          -0.868494312           3.121252336          -3.031569805           0.002471245           0.201971796           0.012235594          -0.376141130
  437      5           0.483081430           3.121252336          -3.031569805           0.002329571           0.201971796           0.011534141          -0.376657433
  438      5          -1.420641154           2.688648010          -4.067929790           0.002850063           0.193880528           0.014700097          -0.380099689
  439      5          -0.192706441           2.901675547          -4.181288803           0.003053422           0.201971797           0.015118063          -0.379093477
  440      5           1.035228272           2.688648010          -4.067929790           0.002851534           0.193880528           0.014707688          -0.382271470
  441      5          -0.192706441           3.196166019          -2.683983444           0.001810002           0.223753522           0.008089266          -0.368069009
  442      5          -0.838445462           2.986352693          -3.782580283           0.003222225           0.223753522           0.014400777          -0.380421803
  443      5           0.453032580           2.986352693          -3.782580283           0.003203899           0.223753522           0.014318876          -0.381382743
  444      5           2.175471729          -1.221623075          -4.716700860           0.002756917           0.193880528           0.014219671          -0.374915762
  445      5           1.297645640          -2.102486430          -4.856542790           0.002811076           0.201971797           0.013918161          -0.372518728
  446      5           1.297645640          -0.952767432          -5.567108209           0.002237763           0.201971797           0.011079582          -0.358672742
  447      5           0.188631626          -2.665146907          -4.716700860           0.002639001           0.193880528           0.013611483          -0.374366008
  448      5           0.204197894          -1.747203721          -5.567108209           0.002131848           0.201971797           0.010555176          -0.356748333
  449      5           0.188631626          -0.576059593          -6.007827826           0.001520049           0.193880528           0.007840135          -0.345152747
  450      5           1.632704713          -1.465058841          -5.110588203           0.002819251           0.223753522           0.012599806          -0.368440571
  451      5           0.587877029          -2.224170588          -5.110588203           0.002731496           0.223753522           0.012207613          -0.367482823
  452      5           0.587877029          -1.125573747          -5.789558391           0.002049063           0.223753522           0.009157680          -0.351818307
  453      5           2.411151616          -0.496274968          -4.716700860           0.002758907           0.193880528           0.014229934          -0.375703053
  454      5           2.218733880           0.732331686          -4.856542790           0.002854266           0.201971797           0.014132005          -0.375121591
  455      5           1.542946009          -0.197810523          -5.567108209           0.002265139           0.201971797           0.011215127          -0.359504077
  456      5           1.652246226           1.839395655          -4.716700860           0.002723003           0.193880528           0.014044745          -0.377173074
  457      5           1.125286135           1.087614395          -5.567108209           0.002252501           0.201971797           0.011152553          -0.359622261
  458      5           0.424311513           0.149288515          -6.007827826           0.001556859           0.193880528           0.008029994          -0.346030330
  459      5           2.115131829           0.019699151          -5.110588203           0.002853496           0.223753522           0.012752855          -0.369966884
  460      5           1.716043166           1.247967759          -5.110588203           0.002834394           0.223753522           0.012667483          -0.370475555
  461      5           1.070304145           0.359184244          -5.789558391           0.002122419           0.223753522           0.009485523          -0.353500741
  462      5          -0.574044508          -2.665146907          -4.716700860           0.002613205           0.193880528           0.013478427          -0.373456409
  463      5          -1.683058521          -2.102486430          -4.856542790           0.002674793           0.201971797           0.013243400          -0.369018016
  464      5          -0.589610776          -1.747203721          -5.567108209           0.002073048           0.201971797           0.010264049          -0.355384702
  465      5          -2.560884611          -1.221623075          -4.716700860           0.002576098           0.193880528           0.013287038          -0.370370523
  466      5          -1.683058521          -0.952767432          -5.567108209           0.002007344           0.201971797           0.009938736          -0.353659319
  467      5          -0.574044508          -0.576059593          -6.007827826           0.001452629           0.193880528           0.007492394          -0.343602718
  468      5          -0.973289911          -2.224170588          -5.110588203           0.002635619           0.223753522           0.011779116          -0.365294880
  469      5          -2.018117595          -1.465058841          -5.110588203           0.002595856           0.223753522           0.011601409          -0.363622171
  470      5          -0.973289911          -1.125573747          -5.789558391           0.001906147           0.223753522           0.008518959          -0.348903617
  471      5          -2.796564497          -0.496274968          -4.716700860           0.002564662           0.193880528           0.013228052          -0.370716683
  472      5          -2.604146762           0.732331686          -4.856542790           0.002648227           0.201971797           0.013111863          -0.369492100
  473      5          -1.928358891          -0.197810523          -5.567108209           0.002001495           0.201971797           0.009909774          -0.353662558
  474      5          -2.037659108           1.839395655          -4.716700860           0.002609783           0.193880528           0.013460780          -0.372801290
  475      5          -1.510699016           1.087614395          -5.567108209           0.002061125           0.201971797           0.010205015          -0.355061736
  476      5          -0.809724394           0.149288515          -6.007827826           0.001448895           0.193880528           0.007473133          -0.343517384
  477      5          -2.500544710           0.019699151          -5.110588203           0.002577994           0.223753522           0.011521581          -0.363881054
  478      5          -2.101456047           1.247967759          -5.110588203           0.002618676           0.223753522           0.011703397          -0.365115791
  479      5          -1.455717026           0.359184244          -5.789558391           0.001896386           0.223753522           0.008475333          -0.348772561
  480      5          -1.420641154           2.287685438          -4.716700859           0.002650907           0.193880528           0.013672889          -0.372957823
  481      5          -0.192706441           2.484345633          -4.856542789           0.002809250           0.201971797           0.013909118          -0.371763921
  482      5          -0.868494312           1.554203424          -5.567108208           0.002121965           0.201971797           0.010506243          -0.356247580
  483      5           1.035228273           2.287685438          -4.716700859           0.002724700           0.193880528           0.014053498          -0.375957100
  484      5           0.483081431           1.554203424          -5.567108208           0.002221278           0.201971797           0.010997961          -0.358614728
  485      5          -0.192706441           0.597578298          -6.007827826           0.001513722           0.193880528           0.007807499          -0.345019059
  486      5          -0.838445462           2.165598662          -5.110588202           0.002731297           0.223753522           0.012206720          -0.366568310
  487      5           0.453032580           2.165598662          -5.110588202           0.002798773           0.223753522           0.012508287          -0.368461546
  488      5          -0.192706441           1.276815148          -5.789558390           0.002036834           0.223753522           0.009103023          -0.351548844
  489      2          -0.617163288           0.051930944           3.824248185          -0.000836955           0.138780212          -0.006030797          -0.346649420
  490      2           0.106391596          -0.659819045           3.815981833          -0.000891932           0.146575318          -0.006085141          -0.344077300
  491      2          -1.272082996          -0.907839051           3.544842379          -0.000315664           0.092751112          -0.003403347          -0.365356267
  492      2           0.724918614          -0.835196243           3.712856194          -0.000146762           0.013265628          -0.011063297          -0.351258627
  493      2          -2.877483594          -1.956417272           1.702981754           0.000008315           0.003156459           0.002634348          -0.382417705
  494      2          -3.243540532          -2.100674577           0.271695853          -0.000704154           0.171187414          -0.004113350          -0.353488580
  495      2          -3.522348097          -1.410376233          -0.781590126          -0.000754268           0.124525073          -0.006057160          -0.345385151
  496      2          -2.790400640          -2.597418858          -0.688458857          -0.000741925           0.132277834          -0.005608841          -0.344388558
  497      2          -3.044512444          -1.924198034          -1.426590803          -0.000782993           0.138365531          -0.005658871          -0.337808893
  498      2          -2.067118257          -2.931453058          -1.462963613          -0.000279702           0.077858263          -0.003592454          -0.357400064
  499      2          -2.385912959          -2.365002282          -1.928928258          -0.000111704           0.069344301          -0.001610861          -0.354163200
  500      2          -0.731989429          -0.621363817           3.753194521          -0.000926342           0.200442410          -0.004621485          -0.351132054
  501      2          -1.712635791          -1.158867392           3.275984056          -0.000097255           0.029166060          -0.003334524          -0.376809135
  502      2           0.466463156          -0.845578893           3.751769576          -0.000090081           0.017576201          -0.005125169          -0.350112534
  503      2          -3.079635758          -2.062788118           1.126144310          -0.000162407           0.095636285          -0.001698175          -0.372320063
  504      2          -3.477968812          -1.686823376          -0.255849659          -0.000426872           0.063877495          -0.006682663          -0.348140792
  505      2          -3.004162594          -2.442384325          -0.129731364          -0.000439482           0.080577649          -0.005454146          -0.348612320
  506      2          -3.170500474          -2.018303807          -0.938752464          -0.001284700           0.203443325          -0.006314779          -0.335359837
  507      2          -2.405767104          -2.837998056          -1.079268382          -0.000224455           0.027743922          -0.008090250          -0.351229913
  508      2          -2.490946466          -2.490903110          -1.611596070          -0.000800390           0.168665488          -0.004745430          -0.346282945
  509      2          -0.172250297           0.664655681           3.812753750          -0.001048028           0.168819034          -0.006207999          -0.343195945
  510      2           0.203306800           1.900662240           3.369671723          -0.000282281           0.104732431          -0.002695254          -0.366562942
  511      2          -0.150513399           3.834764083           0.529026999          -0.000286074           0.092073550          -0.003107012          -0.366244559
  512      2           0.791853792           0.048658587           3.791975054          -0.001041347           0.168514550          -0.006179569          -0.339101261
  513      2           0.684200649           1.197927692           3.620135654          -0.000085291           0.012721597          -0.006704393          -0.355039442
  514      2           0.169029821           3.869332546          -0.086435639          -0.000094267           0.011012967          -0.008559659          -0.357198432
  515      2           1.403261195          -0.693157240           3.543829900          -0.000409459           0.125297875          -0.003267885          -0.355796393
  516      2          -0.068059586           1.315728891           3.643182020          -0.000622470           0.136201088          -0.004570224          -0.354079851
  517      2           0.044057176           2.478436801           2.977229511          -0.000096422           0.014050358          -0.006862590          -0.379961081
  518      2          -0.163471622           3.695681365           1.150354029          -0.000040530           0.021972847          -0.001844546          -0.378340329
  519      2           0.665630218           0.675614313           3.756196091          -0.001115157           0.208115322          -0.005358360          -0.343430072
  520      2           0.554387562           1.418129192           3.562318332          -0.000055388           0.005372953          -0.010308733          -0.357970802
  521      2           0.096515929           3.870917264           0.120488343          -0.000048575           0.006332322          -0.007670889          -0.360149323
  522      2           1.275934425          -0.223720860           3.651075969          -0.000630530           0.162807096          -0.003872866          -0.348681592
  523      2           2.203507084          -0.952087919           3.040768070          -0.000054538           0.084126122          -0.000648294          -0.375671228
  524      2          -0.456391998           3.846687096           0.050069219          -0.000323614           0.079108604          -0.004090751          -0.356370926
  525      2          -1.960823314           2.841798968          -1.756849867          -0.000032660           0.010373004          -0.003148542          -0.366545142
  526      2          -1.285651744           3.407461004          -1.320481235          -0.000998521           0.195493601          -0.005107692          -0.348613823
  527      2           0.089003879           3.826132201          -0.600348436          -0.000828430           0.159166742          -0.005204793          -0.345551076
  528      2          -3.489246208          -0.720551852          -1.520793110          -0.000471121           0.119658190          -0.003937224          -0.356652341
  529      2          -3.352333124           0.254719413          -1.924530162          -0.000072714           0.035292433          -0.002060317          -0.378018305
  530      2          -1.678685545           2.839144398          -2.031839669          -0.000081268           0.026115481          -0.003111853          -0.363016983
  531      2          -0.186836421           3.320838128          -1.986028989          -0.001054814           0.166403151          -0.006338909          -0.343753140
  532      2           0.658522903           3.507000511          -1.508192905          -0.000449528           0.091923374          -0.004890251          -0.348162482
  533      2          -3.105158591          -1.501452840          -1.763613748          -0.000425873           0.081955412          -0.005196403          -0.347095981
  534      2           0.463020885           3.140663247          -2.220125577          -0.000082303           0.012451040          -0.006610123          -0.355131660
  535      2           1.356113796           2.918002547          -2.157159499          -0.000155631           0.044149664          -0.003525083          -0.368507764
  536      2          -2.794264131          -1.869666934          -1.924333605          -0.000050942           0.005962156          -0.008544208          -0.350798145
  537      2           1.909582642           2.416278595          -2.349918313          -0.000026733           0.004116422          -0.006494153          -0.381987356
  538      2          -1.799062637           3.027240735          -1.614440905          -0.000071394           0.012718636          -0.005613340          -0.361816260
  539      2          -0.629858406           3.776161729          -0.592869209          -0.001164332           0.198493322          -0.005865852          -0.344640132
  540      2          -3.436463239          -0.273808655          -1.767080393          -0.000166810           0.048258848          -0.003456561          -0.367310916
  541      2          -2.113266966           2.582361040          -1.967891543          -0.000109179           0.069580236          -0.001569104          -0.372313473
  542      2          -1.103767247           3.189459098          -1.901638405          -0.000962778           0.223746546          -0.004302985          -0.348640766
  543      2           0.249011208           3.650625134          -1.272145571          -0.001299003           0.211416379          -0.006144285          -0.340183812
  544      2          -3.310308964          -0.993583894          -1.749686362          -0.000308291           0.086369165          -0.003569461          -0.353299345
  545      2           0.252270271           3.174639288          -2.205706410          -0.000087154           0.011853131          -0.007352838          -0.352834066
  546      2           0.900466207           3.180518870          -2.020059107          -0.000636540           0.152246822          -0.004180977          -0.356642780
  547      2          -2.863708211          -1.765461859          -1.920665673          -0.000046072           0.004849154          -0.009500936          -0.350837696
  548      2           1.665086421           2.648360990          -2.284892453          -0.000073963           0.026927722          -0.002746705          -0.376732951
  549      2           3.290645421          -1.564367810           1.316079468          -0.000005220           0.001548708          -0.003370230          -0.382945777
  550      2           3.424653092          -1.700331012           0.622960433          -0.000127142           0.038529758          -0.003299849          -0.371199208
  551      2           3.362410391          -1.899083457          -0.307979682          -0.000609227           0.138863360          -0.004387243          -0.351696372
  552      2           3.642171642          -1.248345276          -0.428288203          -0.000037640           0.001850354          -0.020341974          -0.355036319
  553      2           2.588692091          -2.420088082          -1.564801463          -0.000788678           0.175278617          -0.004499569          -0.347291260
  554      2           3.505577926          -1.195453118          -1.135267537          -0.001260331           0.226502395          -0.005564318          -0.342372440
  555      2           1.655400264          -2.813009118          -2.086428885          -0.000122929           0.045622290          -0.002694502          -0.368856303
  556      2           2.768418023          -1.603412121          -2.184399700          -0.000621167           0.070578724          -0.008801053          -0.346223571
  557      2           3.233906096          -0.275335817          -2.114917451          -0.000536261           0.162477976          -0.003300517          -0.357872381
  558      2          -1.510968360          -3.024647582          -1.890772116          -0.000114340           0.053341898          -0.002143525          -0.370206366
  559      2           3.057554336           0.545265609          -2.315363217          -0.000018240           0.025956212          -0.000702725          -0.375876699
  560      2          -1.882686305          -2.765950094          -1.952320000          -0.000048664           0.008990880          -0.005412547          -0.363066867
  561      2           3.356921125          -1.634839772           1.032450159          -0.000035823           0.017352151          -0.002064488          -0.378796848
  562      2           3.527050721          -1.601264866           0.056320256          -0.000276013           0.099677202          -0.002769065          -0.359549876
  563      2           3.147607958          -2.019474600          -1.010568096          -0.001606219           0.273063848          -0.005882211          -0.340620686
  564      2           3.646590155          -1.168637018          -0.586381220          -0.000093146           0.007449521          -0.012503557          -0.353645597
  565      2           1.245715688          -2.981353732          -2.136876271           0.000034843           0.027980876           0.001245238          -0.377262391
  566      2           2.226032444          -2.419064191          -2.049273990          -0.000838500           0.211277017          -0.003968725          -0.354329916
  567      2           3.228867625          -0.966418093          -1.909782774          -0.001505855           0.264854747          -0.005685587          -0.343158341
  568      2          -1.041170306          -3.136305357          -2.021398118          -0.000024956           0.016497911          -0.001512662          -0.379318267
  569      2           3.130588950           0.205132847          -2.272481337          -0.000102960           0.032193279          -0.003198184          -0.369155258
  570      2           2.940967870           0.854191948          -2.372327558          -0.000020394           0.005926850          -0.003440898          -0.381249514
  571      2          -1.752269447          -2.845826131          -1.958917684          -0.000022263           0.008409982          -0.002647268          -0.365673429
