    1      1          -4.333438547           1.131938772          -0.822396601           0.003648689           0.177570605           0.020547821          -0.445376352
    2      1          -1.072395564          -2.811300031           2.555560174           0.002073860           0.169503282           0.012234927          -0.415728364
    3      1          -1.528371629          -1.673128146          -3.144567077           0.001721770           0.177570605           0.009696258          -0.391749957
    4      1          -4.106500092           0.905000317          -1.609896034           0.003477463           0.185657518           0.018730529          -0.436826204
    5      1          -4.333438547          -3.315150637           0.822396601           0.002188968           0.177570605           0.012327312          -0.393366077
    6      1          -5.277912903          -1.689613447           0.413134986           0.002507962           0.223809520           0.011205789          -0.391491417
    7      1          -4.732463044          -0.005302201           1.583260325           0.003763099           0.225705838           0.016672581          -0.421166154
    8      1          -1.677555479          -0.609353900           3.185145961           0.000741122           0.106458603           0.006961597          -0.379850684
    9      1          -1.072395564          -2.811300031          -2.555560174           0.002073860           0.169503282           0.012234927          -0.415728364
   10      1          -4.258045681           0.374350086          -1.949629427           0.003006935           0.169503282           0.017739684          -0.426286796
   11      1          -5.277912903          -0.493598419          -0.413134986           0.003387551           0.223809520           0.015135869          -0.410780879
   12      1          -1.528371629          -1.673128146           3.144567077           0.001721770           0.177570605           0.009696258          -0.391749957
   13      1          -2.691416056          -0.510083719           3.144567077           0.002398965           0.177570605           0.013509922          -0.399579505
   14      1          -2.592279133          -3.041235359           2.555560174           0.002704699           0.169503282           0.015956615          -0.413557542
   15      1          -2.539219136           0.902709225          -2.530419949           0.001543982           0.163550107           0.009440419          -0.410955062
   16      1          -4.772876772           0.725666660           0.413134986           0.004298313           0.223809520           0.019205229          -0.437005980
   17      1          -4.059523269          -1.573991224          -2.555560174           0.002444236           0.169503282           0.014419994          -0.403655848
   18      1          -2.109893842          -1.914002534          -3.144567077           0.002392272           0.177570605           0.013472228          -0.400742227
   19      1          -3.147392121           0.628088166          -2.555560174           0.002471400           0.169503282           0.014580251          -0.417652453
   20      1          -4.665454017          -1.573991224          -1.949629427           0.002334341           0.169503282           0.013771656          -0.399902763
   21      1          -3.829587941          -0.054107654          -2.555560174           0.002722973           0.169503282           0.016064429          -0.416197402
   22      1          -3.575849861           1.056545906          -1.949629427           0.002924326           0.169503282           0.017252329          -0.434600779
   23      1          -4.106500092          -3.088212182          -1.609896034           0.002394489           0.185657518           0.012897347          -0.397818634
   24      1          -4.732463044          -0.005302201          -1.583260325           0.003763099           0.225705838           0.016672581          -0.421166154
   25      1          -0.907126765          -3.995342522          -0.828434337           0.004379323           0.245727677           0.017821853          -0.456202451
   26      1          -2.181426275           0.449475356           2.860872218           0.000905100           0.130201764           0.006951520          -0.393413288
   27      1          -3.196197574          -3.714175135           1.583260325           0.003474655           0.225705838           0.015394619          -0.413171523
   28      1          -2.932290443          -1.091605933           3.144567077           0.002535644           0.177570605           0.014279640          -0.402249773
   29      1          -0.971525439          -2.229974336           2.823627637           0.001583961           0.185657518           0.008531627          -0.399378590
   30      1          -4.933521479          -1.091605933           1.609896034           0.002617641           0.185657518           0.014099299          -0.403495586
   31      1          -1.627508552          -3.647166107           1.949629427           0.002967065           0.169503282           0.017504469          -0.431715055
   32      1          -2.691416056          -0.510083719          -3.144567077           0.002398965           0.177570605           0.013509922          -0.399579505
   33      1          -3.927166435           1.571376996           0.413134986           0.004285484           0.223809520           0.019147907          -0.457797788
   34      1          -2.181426275           0.449475356          -2.860872218           0.000905100           0.130201764           0.006951520          -0.393413288
   35      1          -2.691416056          -1.673128146           3.144567077           0.002548264           0.177570605           0.014350707          -0.402294807
   36      1          -4.059523269          -0.609220642          -2.555560174           0.002638775           0.169503282           0.015567692          -0.411189548
   37      1          -3.829587941          -2.129104211          -2.555560174           0.002405694           0.169503282           0.014192609          -0.402620646
   38      1          -1.023590111          -3.714175135          -1.583260325           0.003735756           0.225705838           0.016551438          -0.443620414
   39      1          -4.665454017          -0.609220642          -1.949629427           0.002695622           0.169503282           0.015903069          -0.411449908
   40      1          -3.187176752           1.970572881          -0.164805100           0.000795799           0.016664397           0.047754473          -0.475757096
   41      1          -1.627508552          -3.647166107          -1.949629427           0.002967065           0.169503282           0.017504469          -0.431715055
   42      1          -5.254460920          -1.091605933          -0.822396601           0.002472455           0.177570605           0.013923786          -0.400673533
   43      1          -2.592279133          -3.041235359          -2.555560174           0.002704699           0.169503282           0.015956615          -0.413557542
   44      1          -1.627508552          -3.041235359          -2.555560174           0.002581782           0.169503282           0.015231459          -0.418517615
   45      1          -3.248262245           0.046762470          -2.823627637           0.002685397           0.185657518           0.014464249          -0.410984400
   46      1          -1.284891103          -1.230690877          -3.140806287           0.000595030           0.125687610           0.004734196          -0.379623435
   47      1          -0.222079571          -3.499147076           1.097515921           0.000474317           0.012786187           0.037096082          -0.463487626
   48      1          -3.575849861          -3.239757772          -1.949629427           0.002514359           0.169503282           0.014833690          -0.405497918
   49      1          -0.643937824          -3.239757772          -1.949629427           0.002210693           0.169503282           0.013042185          -0.435793306
   50      1          -3.313611370           1.834090040          -0.745657739           0.003556920           0.215832719           0.016479986          -0.466597264
   51      1          -5.013630432          -2.294373010          -0.828434337           0.002553318           0.245727677           0.010390843          -0.388200270
   52      1          -0.354640724          -3.775745692          -0.528316680           0.002858431           0.160872627           0.017768289          -0.470471216
   53      1          -3.248262245           0.046762470           2.823627637           0.002685397           0.185657518           0.014464249          -0.410984400
   54      1          -3.312660920          -3.995342522          -0.828434337           0.003770854           0.245727677           0.015345662          -0.413187951
   55      1          -4.059523269          -0.609220642           2.555560174           0.002638775           0.169503282           0.015567692          -0.411189548
   56      1          -1.627508552          -3.041235359           2.555560174           0.002581782           0.169503282           0.015231459          -0.418517615
   57      1          -4.258045681          -2.557561952           1.949629427           0.002243315           0.169503282           0.013234638          -0.397237552
   58      1          -2.025742722          -0.200503919           3.124659032           0.001330991           0.175324679           0.007591577          -0.386489172
   59      1          -3.248262245          -2.229974336           2.823627637           0.002802365           0.185657518           0.015094272          -0.405252190
   60      1          -5.013630432           0.111161144           0.828434337           0.004198153           0.245727677           0.017084576          -0.423503648
   61      1          -4.732463044          -2.177909665           1.583260325           0.002623722           0.225705838           0.011624521          -0.393529859
   62      1          -2.638262969           1.444901566           1.962547847           0.001080144           0.113490576           0.009517480          -0.433141156
   63      1          -2.109893842          -1.914002534           3.144567077           0.002392272           0.177570605           0.013472228          -0.400742227
   64      1          -2.109893842          -3.915233570           1.609896034           0.003426647           0.185657518           0.018456818          -0.430716232
   65      1          -2.109893842          -4.236173010           0.822396601           0.003557282           0.177570605           0.020033058          -0.436524927
   66      1          -3.927166435          -3.754588862          -0.413134986           0.002941288           0.223809520           0.013141924          -0.400783390
   67      1          -2.539219136           0.902709225           2.530419949           0.001543982           0.163550107           0.009440419          -0.410955062
   68      1          -3.147392121          -2.811300031           2.555560174           0.002558412           0.169503282           0.015093584          -0.408099206
   69      1          -3.147392121           0.628088166           2.555560174           0.002471400           0.169503282           0.014580251          -0.417652453
   70      1          -0.244260964          -3.109811370           1.735194241           0.000827197           0.091441240           0.009046219          -0.442503629
   71      1          -4.258045681           0.374350086           1.949629427           0.003006935           0.169503282           0.017739684          -0.426286796
   72      1          -3.136687652           1.569498216           1.558479213           0.003394671           0.215579899           0.015746693          -0.448280109
   73      1          -3.829587941          -0.054107654           2.555560174           0.002722973           0.169503282           0.016064429          -0.416197402
   74      1          -1.284891103          -1.230690877           3.140806287           0.000595030           0.125687610           0.004734196          -0.379623435
   75      1          -3.313611370           1.834090040           0.745657739           0.003556920           0.215832719           0.016479986          -0.466597264
   76      1          -3.147392121          -2.811300031          -2.555560174           0.002558412           0.169503282           0.015093584          -0.408099206
   77      1          -5.013630432          -2.294373010           0.828434337           0.002553318           0.245727677           0.010390843          -0.388200270
   78      1          -1.511886329          -4.259624994          -0.413134986           0.004444092           0.223809520           0.019856580          -0.448567987
   79      1          -3.136687652           1.569498216          -1.558479213           0.003394671           0.215579899           0.015746693          -0.448280109
   80      1          -5.277912903          -1.689613447          -0.413134986           0.002507962           0.223809520           0.011205789          -0.391491417
   81      1          -4.772876772           0.725666660          -0.413134986           0.004298313           0.223809520           0.019205229          -0.437005980
   82      1          -3.927166435           1.571376996          -0.413134986           0.004285484           0.223809520           0.019147907          -0.457797788
   83      1          -0.348619051          -2.690348423          -2.215078290           0.000145702           0.009907690           0.014705976          -0.419068534
   84      1          -2.109893842          -4.236173010          -0.822396601           0.003557282           0.177570605           0.020033058          -0.436524927
   85      1          -4.333438547          -3.315150637          -0.822396601           0.002188968           0.177570605           0.012327312          -0.393366077
   86      1          -4.933521479          -1.091605933          -1.609896034           0.002617641           0.185657518           0.014099299          -0.403495586
   87      1          -1.677555479          -0.609353900          -3.185145961           0.000741122           0.106458603           0.006961597          -0.379850684
   88      1          -2.638262969           1.444901566          -1.962547847           0.001080144           0.113490576           0.009517480          -0.433141156
   89      1          -0.608634233          -2.145753914          -2.683212606           0.000084837           0.043479692           0.001951194          -0.395232452
   90      1          -2.109893842          -2.701501967          -2.823627637           0.002784631           0.185657518           0.014998750          -0.411102443
   91      1          -3.248262245          -2.229974336          -2.823627637           0.002802365           0.185657518           0.015094272          -0.405252190
   92      1          -2.691416056          -1.673128146          -3.144567077           0.002548264           0.177570605           0.014350707          -0.402294807
   93      1          -2.932290443          -1.091605933          -3.144567077           0.002535644           0.177570605           0.014279640          -0.402249773
   94      1          -0.971525439          -2.229974336          -2.823627637           0.001583961           0.185657518           0.008531627          -0.399378590
   95      1          -3.829587941          -2.129104211           2.555560174           0.002405694           0.169503282           0.014192609          -0.402620646
   96      1          -3.187176752           1.970572881           0.164805100           0.000795799           0.016664397           0.047754473          -0.475757096
   97      1          -0.643937824          -3.239757772           1.949629427           0.002210693           0.169503282           0.013042185          -0.435793306
   98      1          -4.258045681          -2.557561952          -1.949629427           0.002243315           0.169503282           0.013234638          -0.397237552
   99      1          -2.592279133          -3.647166107          -1.949629427           0.002923038           0.169503282           0.017244729          -0.420540755
  100      1          -2.109893842          -3.915233570          -1.609896034           0.003426647           0.185657518           0.018456818          -0.430716232
  101      1          -0.222079571          -3.499147076          -1.097515921           0.000474317           0.012786187           0.037096082          -0.463487626
  102      1          -0.244260964          -3.109811370          -1.735194241           0.000827197           0.091441240           0.009046219          -0.442503629
  103      1          -5.013630432           0.111161144          -0.828434337           0.004198153           0.245727677           0.017084576          -0.423503648
  104      1          -4.772876772          -2.908878526          -0.413134986           0.002294338           0.223809520           0.010251298          -0.387087145
  105      1          -4.732463044          -2.177909665          -1.583260325           0.002623722           0.225705838           0.011624521          -0.393529859
  106      1          -3.196197574          -3.714175135          -1.583260325           0.003474655           0.225705838           0.015394619          -0.413171523
  107      1          -2.109893842          -2.701501967           2.823627637           0.002784631           0.185657518           0.014998750          -0.411102443
  108      1          -4.106500092          -3.088212182           1.609896034           0.002394489           0.185657518           0.012897347          -0.397818634
  109      1          -2.592279133          -3.647166107           1.949629427           0.002923038           0.169503282           0.017244729          -0.420540755
  110      1          -3.719789877          -1.091605933          -2.823627637           0.002827900           0.185657518           0.015231808          -0.406536121
  111      1          -5.277912903          -0.493598419           0.413134986           0.003387551           0.223809520           0.015135869          -0.410780879
  112      1          -4.772876772          -2.908878526           0.413134986           0.002294338           0.223809520           0.010251298          -0.387087145
  113      1          -2.707901356          -4.259624994          -0.413134986           0.004001787           0.223809520           0.017880327          -0.426452087
  114      1          -3.575849861          -3.239757772           1.949629427           0.002514359           0.169503282           0.014833690          -0.405497918
  115      1          -3.575849861           1.056545906           1.949629427           0.002924326           0.169503282           0.017252329          -0.434600779
  116      1          -4.059523269          -1.573991224           2.555560174           0.002444236           0.169503282           0.014419994          -0.403655848
  117      1          -0.348619051          -2.690348423           2.215078290           0.000145702           0.009907690           0.014705976          -0.419068534
  118      1          -0.608634233          -2.145753914           2.683212606           0.000084837           0.043479692           0.001951194          -0.395232452
  119      1          -3.927166435          -3.754588862           0.413134986           0.002941288           0.223809520           0.013141924          -0.400783390
  120      1          -4.106500092           0.905000317           1.609896034           0.003477463           0.185657518           0.018730529          -0.436826204
  121      1          -2.707901356          -4.259624994           0.413134986           0.004001787           0.223809520           0.017880327          -0.426452087
  122      1          -3.719789877          -1.091605933           2.823627637           0.002827900           0.185657518           0.015231808          -0.406536121
  123      1          -3.312660920          -3.995342522           0.828434337           0.003770854           0.245727677           0.015345662          -0.413187951
  124      1          -4.665454017          -0.609220642           1.949629427           0.002695622           0.169503282           0.015903069          -0.411449908
  125      1          -1.023590111          -3.714175135           1.583260325           0.003735756           0.225705838           0.016551438          -0.443620414
  126      1          -2.025742722          -0.200503919          -3.124659032           0.001330991           0.175324679           0.007591577          -0.386489172
  127      1          -1.511886329          -4.259624994           0.413134986           0.004444092           0.223809520           0.019856580          -0.448567987
  128      1          -4.665454017          -1.573991224           1.949629427           0.002334341           0.169503282           0.013771656          -0.399902763
  129      1          -0.354640724          -3.775745692           0.528316680           0.002858431           0.160872627           0.017768289          -0.470471216
  130      1          -4.333438547           1.131938772           0.822396601           0.003648689           0.177570605           0.020547821          -0.445376352
  131      1          -0.907126765          -3.995342522           0.828434337           0.004379323           0.245727677           0.017821853          -0.456202451
  132      1          -5.254460920          -1.091605933           0.822396601           0.002472455           0.177570605           0.013923786          -0.400673533
  133      2          -1.472858710           0.396071326           3.103693865          -0.000456564           0.171511401          -0.002662002          -0.365851137
  134      2           0.782897148           0.782848902           3.276168984          -0.000784506           0.221068878          -0.003548695          -0.353071090
  135      2           0.380342334          -1.932303822           2.842686616          -0.000011899           0.041145751          -0.000289189          -0.383248257
  136      2           0.130218073          -2.329056008           2.553018840           0.000089001           0.052010124           0.001711226          -0.398999510
  137      2           1.356174300          -0.298224523           3.167178757          -0.000279793           0.091811019          -0.003047485          -0.364825716
  138      2           0.364123720           0.364075475          -3.419644270          -0.000852654           0.167983308          -0.005075824          -0.342127909
  139      2          -0.128774317          -2.800770910           2.024477423           0.000057662           0.006715309           0.008586584          -0.426891635
  140      2          -0.843409038          -0.813061673           3.253737768          -0.000622010           0.212468831          -0.002927534          -0.357283633
  141      2          -0.782897148           0.782848902           3.276168984          -0.000797703           0.221068878          -0.003608390          -0.352738955
  142      2          -0.166887309          -2.521551137           2.360786075           0.000480554           0.104268796           0.004608797          -0.409091144
  143      2           2.426186758           1.189980578          -2.157912954           0.000116537           0.016623343           0.007010464          -0.420083467
  144      2          -1.325339150          -0.307676876           3.179304934          -0.000257639           0.081581821          -0.003158048          -0.364457251
  145      2           0.548362074           1.321710073          -3.148236504          -0.000257760           0.103264539          -0.002496110          -0.366644055
  146      2          -1.325339150          -0.307676876          -3.179304934          -0.000257639           0.081581821          -0.003158048          -0.364457251
  147      2          -0.364123720          -0.364171966           3.419644270          -0.000896698           0.167983308          -0.005338021          -0.342330516
  148      2          -1.103434739           1.430932080           2.948536279          -0.000040180           0.021699003          -0.001851689          -0.377755035
  149      2          -2.211594332           1.481683522           2.207365076           0.000137132           0.019985450           0.006861587          -0.417490424
  150      2          -0.497158944          -1.468007999           3.091450508          -0.000431955           0.184697244          -0.002338718          -0.366471115
  151      2          -1.472858710           0.396071326          -3.103693865          -0.000456564           0.171511401          -0.002662002          -0.365851137
  152      2           2.252718957           1.342745281          -2.254174338           0.000040573           0.002401199           0.016896989          -0.415173120
  153      2          -1.937248742           1.015815971           2.678474623           0.000052353           0.174804735           0.000299492          -0.391316526
  154      2          -1.718332773           1.421777409           2.642892996           0.000001425           0.102663251           0.000013885          -0.393998581
  155      2          -0.489444904          -1.911622847           2.839976290          -0.000031636           0.070811144          -0.000446761          -0.382802928
  156      2          -1.103434739           1.430932080          -2.948536279          -0.000040180           0.021699003          -0.001851689          -0.377755035
  157      2          -0.843409038          -0.813061673          -3.253737768          -0.000622010           0.212468831          -0.002927534          -0.357283633
  158      2           2.449755870           1.323193893          -2.051064485           0.000118654           0.014784999           0.008025326          -0.425626114
  159      2           0.364123720          -0.364171966           3.419644270          -0.000893032           0.167983308          -0.005316194          -0.342364209
  160      2          -0.122397360          -2.880320062           1.910024149           0.000048916           0.004141802           0.011810434          -0.432585574
  161      2           1.514287331           0.368928722          -3.087058305          -0.000459515           0.181685109          -0.002529186          -0.366352555
  162      2           0.380342334          -1.932303822          -2.842686616          -0.000011899           0.041145751          -0.000289189          -0.383248257
  163      2          -0.519867528           1.341745241           3.144593311          -0.000296689           0.114713797          -0.002586339          -0.366308597
  164      2           0.828463700          -0.804244367           3.259763120          -0.000629463           0.208802968          -0.003014628          -0.357053153
  165      2           2.252718957           1.342745281           2.254174338           0.000040573           0.002401199           0.016896989          -0.415173120
  166      2           1.135730136           1.363206280           2.968298041          -0.000030303           0.009952876          -0.003044612          -0.377277458
  167      2           2.426186758           1.189980578           2.157912954           0.000116537           0.016623343           0.007010464          -0.420083467
  168      2           1.356174300          -0.298224523          -3.167178757          -0.000279793           0.091811019          -0.003047485          -0.364825716
  169      2           2.449755870           1.323193893           2.051064485           0.000118654           0.014784999           0.008025326          -0.425626114
  170      2           0.548362074           1.321710073           3.148236504          -0.000257760           0.103264539          -0.002496110          -0.366644055
  171      2           1.514287331           0.368928722           3.087058305          -0.000459515           0.181685109          -0.002529186          -0.366352555
  172      2           2.307148201           1.001125267           2.373574915           0.000101209           0.018150554           0.005576085          -0.408794773
  173      2           1.758641581           1.344751987          -2.656657905           0.000022872           0.052579421           0.000434996          -0.394181620
  174      2           0.440551267          -1.494501551           3.087339145          -0.000411617           0.176977001          -0.002325823          -0.367362705
  175      2           0.364123720           0.364075475           3.419644270          -0.000852654           0.167983308          -0.005075824          -0.342127909
  176      2           1.758641581           1.344751987           2.656657905           0.000022872           0.052579421           0.000434996          -0.394181620
  177      2           1.938071509           0.871310512           2.728323999           0.000035333           0.213266350           0.000165675          -0.387970118
  178      2          -0.364123720           0.364075475           3.419644270          -0.000849886           0.167983308          -0.005059345          -0.342095028
  179      2          -2.359539803           1.435904641           2.080805211           0.000079667           0.016940765           0.004702701          -0.424228131
  180      2           0.782897148           0.782848902          -3.276168984          -0.000784506           0.221068878          -0.003548695          -0.353071090
  181      2          -0.364123720          -0.364171966          -3.419644270          -0.000896698           0.167983308          -0.005338021          -0.342330516
  182      2          -2.359539803           1.435904641          -2.080805211           0.000079667           0.016940765           0.004702701          -0.424228131
  183      2          -2.211594332           1.481683522          -2.207365076           0.000137132           0.019985450           0.006861587          -0.417490424
  184      2          -1.718332773           1.421777409          -2.642892996           0.000001425           0.102663251           0.000013885          -0.393998581
  185      2          -1.937248742           1.015815971          -2.678474623           0.000052353           0.174804735           0.000299492          -0.391316526
  186      2          -0.364123720           0.364075475          -3.419644270          -0.000849886           0.167983308          -0.005059345          -0.342095028
  187      2          -0.122397360          -2.880320062          -1.910024149           0.000048916           0.004141802           0.011810434          -0.432585574
  188      2          -0.489444904          -1.911622847          -2.839976290          -0.000031636           0.070811144          -0.000446761          -0.382802928
  189      2          -0.166887309          -2.521551137          -2.360786075           0.000480554           0.104268796           0.004608797          -0.409091144
  190      2           0.364123720          -0.364171966          -3.419644270          -0.000893032           0.167983308          -0.005316194          -0.342364209
  191      2          -0.497158944          -1.468007999          -3.091450508          -0.000431955           0.184697244          -0.002338718          -0.366471115
  192      2          -0.128774317          -2.800770910          -2.024477423           0.000057662           0.006715309           0.008586584          -0.426891635
  193      2          -0.782897148           0.782848902          -3.276168984          -0.000797703           0.221068878          -0.003608390          -0.352738955
  194      2           0.828463700          -0.804244367          -3.259763120          -0.000629463           0.208802968          -0.003014628          -0.357053153
  195      2           0.130218073          -2.329056008          -2.553018840           0.000089001           0.052010124           0.001711226          -0.398999510
  196      2           0.440551267          -1.494501551          -3.087339145          -0.000411617           0.176977001          -0.002325823          -0.367362705
  197      2           1.135730136           1.363206280          -2.968298041          -0.000030303           0.009952876          -0.003044612          -0.377277458
  198      2           2.307148201           1.001125267          -2.373574915           0.000101209           0.018150554           0.005576085          -0.408794773
  199      2          -0.519867528           1.341745241          -3.144593311          -0.000296689           0.114713797          -0.002586339          -0.366308597
  200      2           1.938071509           0.871310512          -2.728323999           0.000035333           0.213266350           0.000165675          -0.387970118
  201      3           3.091139529           1.686318901           1.097043433           0.000588718           0.017215252           0.034197490          -0.463304303
  202      3           3.280324395           1.886984414           0.524312945           0.002626949           0.146480291           0.017933804          -0.470839036
  203      3           2.719355556           1.511857818           1.735577653           0.000771266           0.079625455           0.009686169          -0.442417053
  204      3          -3.064154533           2.015479609           0.603440589           0.000927727           0.061267855           0.015142151          -0.473222258
  205      3          -2.682874304           1.719875971           1.529769585           0.000215496           0.005655136           0.038106297          -0.450269021
  206      3          -2.794142302           3.575760541           0.828434337           0.004661768           0.245727677           0.018971276          -0.443474413
  207      3          -3.058424774           2.971000978           0.413134986           0.004349172           0.223809520           0.019432472          -0.456758203
  208      3          -2.553388642           4.190266056           0.413134986           0.004211416           0.223809520           0.018816965          -0.433508523
  209      3          -2.512974915           3.459297196           1.583260325           0.004020455           0.225705838           0.017812808          -0.435966565
  210      3          -1.093172790           5.276730053           0.828434337           0.003093519           0.245727677           0.012589218          -0.398875518
  211      3          -1.707678306           5.035976393           0.413134986           0.003340250           0.223809520           0.014924523          -0.409622896
  212      3          -0.488413227           5.541012525           0.413134986           0.002414429           0.223809520           0.010787873          -0.389630352
  213      3          -0.976709445           4.995562666           1.583260325           0.003004900           0.225705838           0.013313348          -0.401957186
  214      3           2.106200537           4.369599713           1.609896034           0.003030626           0.185657518           0.016323745          -0.414963824
  215      3           2.333138992           4.596538168           0.822396601           0.003005987           0.177570605           0.016928407          -0.415520543
  216      3           2.257746126           3.838949483           1.949629427           0.002935627           0.169503282           0.017318997          -0.421258650
  217      3           1.575550306           4.521145303           1.949629427           0.002578015           0.169503282           0.015209235          -0.407476475
  218      3           2.933221924           2.372993464           1.609896034           0.003111598           0.185657518           0.016759882          -0.443931176
  219      3           1.575550306           4.521145303          -1.949629427           0.002578015           0.169503282           0.015209235          -0.407476475
  220      3           2.333138992           4.596538168          -0.822396601           0.003005987           0.177570605           0.016928407          -0.415520543
  221      3           2.665154461           2.855378754           1.949629427           0.002922780           0.169503282           0.017243206          -0.432920396
  222      3           2.665154461           1.890608173          -1.949629427           0.002090190           0.169503282           0.012331265          -0.435721012
  223      3           2.310759550           1.403735952           2.186332462           0.000040206           0.001633087           0.024619703          -0.419552154
  224      3          -2.512974915           3.459297196          -1.583260325           0.004020455           0.225705838           0.017812808          -0.435966565
  225      3          -0.976709445           4.995562666          -1.583260325           0.003004900           0.225705838           0.013313348          -0.401957186
  226      3          -2.682874304           1.719875971          -1.529769585           0.000215496           0.005655136           0.038106297          -0.450269021
  227      3          -3.034972790           2.372993464           0.822396601           0.003011289           0.177570605           0.016958265          -0.463070177
  228      3           2.719355556           1.511857818          -1.735577653           0.000771266           0.079625455           0.009686169          -0.442417053
  229      3          -3.058424774           2.971000978          -0.413134986           0.004349172           0.223809520           0.019432472          -0.456758203
  230      3           3.013330877           3.575760541          -0.828434337           0.004620267           0.245727677           0.018802388          -0.438664212
  231      3           3.277613348           2.971000978          -0.413134986           0.004414288           0.223809520           0.019723417          -0.451747785
  232      3          -2.445965887           2.855378754           1.949629427           0.002840407           0.169503282           0.016757237          -0.434405764
  233      3           1.312361364           5.276730053          -0.828434337           0.002893728           0.245727677           0.011776156          -0.394882830
  234      3          -2.113950417           4.596538168           0.822396601           0.003186875           0.177570605           0.017947084          -0.421161375
  235      3           3.091139529           1.686318901          -1.097043433           0.000588718           0.017215252           0.034197490          -0.463304303
  236      3           0.109594287           5.517560541           0.822396601           0.001969203           0.177570605           0.011089688          -0.387868756
  237      3           0.109594287           5.196621101           1.609896034           0.002220657           0.185657518           0.011961040          -0.393544013
  238      3          -2.714033350           2.372993464          -1.609896034           0.002945016           0.185657518           0.015862629          -0.445753925
  239      3          -0.372791004           4.928553638           1.949629427           0.002294082           0.169503282           0.013534147          -0.398791034
  240      3          -1.887011962           4.369599713           1.609896034           0.003167403           0.185657518           0.017060462          -0.419273679
  241      3           0.591979578           4.928553638           1.949629427           0.002249190           0.169503282           0.013269303          -0.397463377
  242      3          -2.446607648           1.846258382           1.937271301           0.001696539           0.161068649           0.010533017          -0.434708969
  243      3          -2.714033350           2.372993464           1.609896034           0.002945016           0.185657518           0.015862629          -0.445753925
  244      3           1.247962690           3.511361867           2.823627637           0.002852833           0.185657518           0.015366105          -0.408940365
  245      3           1.926866880           5.035976393          -0.413134986           0.003094217           0.223809520           0.013825225          -0.404069606
  246      3           0.707601801           5.541012525          -0.413134986           0.002308730           0.223809520           0.010315603          -0.387438010
  247      3           1.195898019           4.995562666          -1.583260325           0.002864369           0.225705838           0.012690719          -0.398811826
  248      3           1.829288386           3.410491742           2.555560174           0.002710122           0.169503282           0.015988608          -0.415696432
  249      3           2.772577216           4.190266056          -0.413134986           0.004039562           0.223809520           0.018049108          -0.427705762
  250      3           2.732163489           3.459297196          -1.583260325           0.004014600           0.225705838           0.017786868          -0.432566605
  251      3           1.147092566           4.092687562           2.555560174           0.002556044           0.169503282           0.015079616          -0.407202922
  252      3           3.280324395           1.886984414          -0.524312945           0.002626949           0.146480291           0.017933804          -0.470839036
  253      3          -3.064154533           2.015479609          -0.603440589           0.000927727           0.061267855           0.015142151          -0.473222258
  254      3           0.691116501           2.954515677           3.144567077           0.002492237           0.177570605           0.014035189          -0.402004193
  255      3           2.665154461           1.890608173           1.949629427           0.002090190           0.169503282           0.012331265          -0.435721012
  256      3          -2.794142302           3.575760541          -0.828434337           0.004661768           0.245727677           0.018971276          -0.443474413
  257      3          -2.553388642           4.190266056          -0.413134986           0.004211416           0.223809520           0.018816965          -0.433508523
  258      3           1.719490322           2.372993464           2.823627637           0.002358456           0.185657518           0.012703261          -0.408552217
  259      3          -1.093172790           5.276730053          -0.828434337           0.003093519           0.245727677           0.012589218          -0.398875518
  260      3          -1.707678306           5.035976393          -0.413134986           0.003340250           0.223809520           0.014924523          -0.409622896
  261      3          -0.488413227           5.541012525          -0.413134986           0.002414429           0.223809520           0.010787873          -0.389630352
  262      3           2.059223714           2.855378754           2.555560174           0.002610709           0.169503282           0.015402117          -0.418469938
  263      3          -2.038557552           3.838949483           1.949629427           0.002987706           0.169503282           0.017626243          -0.424453514
  264      3           2.106200537           4.369599713          -1.609896034           0.003030626           0.185657518           0.016323745          -0.414963824
  265      3           2.257746126           3.838949483          -1.949629427           0.002935627           0.169503282           0.017318997          -0.421258650
  266      3           2.059223714           1.890608173           2.555560174           0.001783097           0.169503282           0.010519543          -0.412455716
  267      3           2.933221924           2.372993464          -1.609896034           0.003111598           0.185657518           0.016759882          -0.443931176
  268      3           3.254161365           2.372993464          -0.822396601           0.003216854           0.177570605           0.018115917          -0.458218274
  269      3           2.665154461           2.855378754          -1.949629427           0.002922780           0.169503282           0.017243206          -0.432920396
  270      3           0.931990888           2.372993464           3.144567077           0.002118368           0.177570605           0.011929722          -0.397003731
  271      3           2.310759550           1.403735952          -2.186332462           0.000040206           0.001633087           0.024619703          -0.419552154
  272      3          -3.034972790           2.372993464          -0.822396601           0.003011289           0.177570605           0.016958265          -0.463070177
  273      3           1.247071564           1.571693950           2.937465371           0.000277567           0.042380188           0.006549460          -0.386177813
  274      3          -2.445965887           2.855378754          -1.949629427           0.002840407           0.169503282           0.016757237          -0.434405764
  275      3          -1.887011962           4.369599713          -1.609896034           0.003167403           0.185657518           0.017060462          -0.419273679
  276      3          -2.113950417           4.596538168          -0.822396601           0.003186875           0.177570605           0.017947084          -0.421161375
  277      3           1.879187867           1.516958271           2.588509336           0.000328916           0.075919010           0.004332457          -0.402542845
  278      3           3.254161365           2.372993464           0.822396601           0.003216854           0.177570605           0.018115917          -0.458218274
  279      3          -1.356361732           4.521145303          -1.949629427           0.002677315           0.169503282           0.015795062          -0.410779359
  280      3           0.109594287           5.517560541          -0.822396601           0.001969203           0.177570605           0.011089688          -0.387868756
  281      3           0.712928444           1.777052339           3.137750842           0.001027158           0.159732509           0.006430490          -0.383327965
  282      3           0.591979578           4.928553638          -1.949629427           0.002249190           0.169503282           0.013269303          -0.397463377
  283      3           1.247962690           3.511361867          -2.823627637           0.002852833           0.185657518           0.015366105          -0.408940365
  284      3           1.829288386           3.410491742          -2.555560174           0.002710122           0.169503282           0.015988608          -0.415696432
  285      3           0.114387891           1.768027531           3.193529633           0.000653190           0.094939341           0.006880082          -0.379500671
  286      3           0.691116501           2.954515677          -3.144567077           0.002492237           0.177570605           0.014035189          -0.402004193
  287      3           2.059223714           2.855378754          -2.555560174           0.002610709           0.169503282           0.015402117          -0.418469938
  288      3          -1.034178246           1.641547114           2.953203160           0.000144601           0.025034547           0.005776052          -0.384084938
  289      3           2.059223714           1.890608173          -2.555560174           0.001783097           0.169503282           0.010519543          -0.412455716
  290      3           0.931990888           2.372993464          -3.144567077           0.002118368           0.177570605           0.011929722          -0.397003731
  291      3           1.247071564           1.571693950          -2.937465371           0.000277567           0.042380188           0.006549460          -0.386177813
  292      3           1.879187867           1.516958271          -2.588509336           0.000328916           0.075919010           0.004332457          -0.402542845
  293      3          -1.401398164           1.654838907           2.786717445           0.000170688           0.033129382           0.005152171          -0.392206273
  294      3           0.114387891           1.768027531          -3.193529633           0.000653190           0.094939341           0.006880082          -0.379500671
  295      3          -1.401398164           1.654838907          -2.786717445           0.000170688           0.033129382           0.005152171          -0.392206273
  296      3          -0.509587549           1.805446118           3.139927091           0.000910311           0.152194100           0.005981249          -0.382298353
  297      3          -1.500301747           2.372993464          -2.823627637           0.002243203           0.185657518           0.012082480          -0.406870098
  298      3          -1.844809148           1.839211112          -2.541657312           0.001397649           0.162741296           0.008588165          -0.408629507
  299      3          -1.840035139           2.855378754          -2.555560174           0.002542259           0.169503282           0.014998289          -0.418494730
  300      3          -1.500301747           2.372993464           2.823627637           0.002243203           0.185657518           0.012082480          -0.406870098
  301      3          -1.028774116           3.511361867          -2.823627637           0.002850955           0.185657518           0.015355990          -0.409716001
  302      3          -1.610099811           3.410491742          -2.555560174           0.002708406           0.169503282           0.015978488          -0.416911767
  303      3          -0.927903991           4.092687562          -2.555560174           0.002601760           0.169503282           0.015349318          -0.408810862
  304      3          -1.844809148           1.839211112           2.541657312           0.001397649           0.162741296           0.008588165          -0.408629507
  305      3          -0.471927926           2.954515677          -3.144567077           0.002471671           0.177570605           0.013919372          -0.401802085
  306      3           0.109594287           3.982889498          -2.823627637           0.002779414           0.185657518           0.014970649          -0.404273546
  307      3          -0.372791004           4.322622890          -2.555560174           0.002446610           0.169503282           0.014433998          -0.404245051
  308      3           0.591979578           4.322622890          -2.555560174           0.002420565           0.169503282           0.014280340          -0.403356441
  309      3          -1.840035139           2.855378754           2.555560174           0.002542259           0.169503282           0.014998289          -0.418494730
  310      3          -0.712802314           2.372993464          -3.144567077           0.002012803           0.177570605           0.011335224          -0.395827234
  311      3           0.109594287           3.195390065          -3.144567077           0.002549442           0.177570605           0.014357340          -0.402321430
  312      3          -0.712802314           2.372993464           3.144567077           0.002012803           0.177570605           0.011335224          -0.395827234
  313      3          -1.028774116           3.511361867           2.823627637           0.002850955           0.185657518           0.015355990          -0.409716001
  314      3          -0.509587549           1.805446118          -3.139927091           0.000910311           0.152194100           0.005981249          -0.382298353
  315      3          -1.610099811           3.410491742           2.555560174           0.002708406           0.169503282           0.015978488          -0.416911767
  316      3          -1.034178246           1.641547114          -2.953203160           0.000144601           0.025034547           0.005776052          -0.384084938
  317      3          -0.927903991           4.092687562           2.555560174           0.002601760           0.169503282           0.015349318          -0.408810862
  318      3           0.712928444           1.777052339          -3.137750842           0.001027158           0.159732509           0.006430490          -0.383327965
  319      3          -0.471927926           2.954515677           3.144567077           0.002471671           0.177570605           0.013919372          -0.401802085
  320      3           0.109594287           3.982889498           2.823627637           0.002779414           0.185657518           0.014970649          -0.404273546
  321      3          -0.372791004           4.322622890           2.555560174           0.002446610           0.169503282           0.014433998          -0.404245051
  322      3           0.591979578           4.322622890           2.555560174           0.002420565           0.169503282           0.014280340          -0.403356441
  323      3           1.312361364           5.276730053           0.828434337           0.002893728           0.245727677           0.011776156          -0.394882830
  324      3           1.719490322           2.372993464          -2.823627637           0.002358456           0.185657518           0.012703261          -0.408552217
  325      3           1.926866880           5.035976393           0.413134986           0.003094217           0.223809520           0.013825225          -0.404069606
  326      3           1.147092566           4.092687562          -2.555560174           0.002556044           0.169503282           0.015079616          -0.407202922
  327      3           0.109594287           3.195390065           3.144567077           0.002549442           0.177570605           0.014357340          -0.402321430
  328      3           0.707601801           5.541012525           0.413134986           0.002308730           0.223809520           0.010315603          -0.387438010
  329      3           1.195898019           4.995562666           1.583260325           0.002864369           0.225705838           0.012690719          -0.398811826
  330      3          -0.372791004           4.928553638          -1.949629427           0.002294082           0.169503282           0.013534147          -0.398791034
  331      3           3.013330877           3.575760541           0.828434337           0.004620267           0.245727677           0.018802388          -0.438664212
  332      3           0.109594287           5.196621101          -1.609896034           0.002220657           0.185657518           0.011961040          -0.393544013
  333      3           2.772577216           4.190266056           0.413134986           0.004039562           0.223809520           0.018049108          -0.427705762
  334      3          -2.038557552           3.838949483          -1.949629427           0.002987706           0.169503282           0.017626243          -0.424453514
  335      3           3.277613348           2.971000978           0.413134986           0.004414288           0.223809520           0.019723417          -0.451747785
  336      3           2.732163489           3.459297196           1.583260325           0.004014600           0.225705838           0.017786868          -0.432566605
  337      3          -1.356361732           4.521145303           1.949629427           0.002677315           0.169503282           0.015795062          -0.410779359
  338      3          -2.446607648           1.846258382          -1.937271301           0.001696539           0.161068649           0.010533017          -0.434708969
  339      4           3.377152491           1.535328621          -0.857474313           0.002308857           0.130138246           0.017741572          -0.466116978
  340      4           3.700627544           1.468927640          -0.330940587           0.003916789           0.223203318           0.017548076          -0.466609592
  341      4           3.114288586           1.310851130          -1.613748523           0.002651459           0.185005687           0.014331769          -0.447247575
  342      4           4.904036145          -0.078578239          -0.828434337           0.004392062           0.245727677           0.017873697          -0.429033700
  343      4           4.663282484           0.535927277          -0.413134986           0.004449632           0.223809520           0.019881334          -0.442371561
  344      4           5.168318616          -0.683337802          -0.413134986           0.003635763           0.223809520           0.016244901          -0.416673952
  345      4           4.622868757          -0.195041584          -1.583260325           0.003886669           0.225705838           0.017220063          -0.425395409
  346      4           5.168318616          -1.879352830          -0.413134986           0.002686569           0.223809520           0.012003819          -0.395225454
  347      4           4.663282484          -3.098617909          -0.413134986           0.002249984           0.223809520           0.010053121          -0.386180809
  348      4           4.622868757          -2.367649048          -1.583260325           0.002677426           0.225705838           0.011862460          -0.394685670
  349      4           3.817572148          -3.944328245          -0.413134986           0.002724129           0.223809520           0.012171641          -0.396109472
  350      4           2.598307069          -4.449364377          -0.413134986           0.003786599           0.223809520           0.016918845          -0.420464318
  351      4           3.086603287          -3.903914518          -1.583260325           0.003304479           0.225705838           0.014640647          -0.408928332
  352      4           1.402292041          -4.449364377          -0.413134986           0.004424770           0.223809520           0.019770249          -0.443463977
  353      4           0.125420252          -3.905536683          -0.403838508           0.003865937           0.214215541           0.018046951          -0.468330736
  354      4           0.913995823          -3.903914518          -1.583260325           0.003889364           0.225705838           0.017232003          -0.441215776
  355      4           3.996905805           0.715260934          -1.609896034           0.003395831           0.185657518           0.018290838          -0.439635864
  356      4           4.223844260           0.942199388          -0.822396601           0.003830237           0.177570605           0.021570221          -0.449846889
  357      4           4.148451394           0.184610703          -1.949629427           0.003009802           0.169503282           0.017756598          -0.428978376
  358      4           3.466255574           0.866806523          -1.949629427           0.002621399           0.169503282           0.015465182          -0.435537247
  359      4           5.144866633          -1.281345316          -0.822396601           0.002655525           0.177570605           0.014954753          -0.405541027
  360      4           4.555859729          -0.798960025          -1.949629427           0.002790925           0.169503282           0.016465315          -0.414913784
  361      4           4.555859729          -1.763730607          -1.949629427           0.002409281           0.169503282           0.014213773          -0.402155228
  362      4           4.223844260          -3.504890021          -0.822396601           0.002076753           0.177570605           0.011695363          -0.390528167
  363      4           4.148451394          -2.747301335          -1.949629427           0.002224145           0.169503282           0.013121547          -0.396686586
  364      4           3.466255574          -3.429497155          -1.949629427           0.002424142           0.169503282           0.014301445          -0.402688371
  365      4           2.000299555          -4.425912394          -0.822396601           0.003458461           0.177570605           0.019476542          -0.431291443
  366      4           1.517914264          -3.836905490          -1.949629427           0.003005089           0.169503282           0.017728794          -0.429492572
  367      4           3.377152491           1.535328621           0.857474313           0.002308857           0.130138246           0.017741572          -0.466116978
  368      4           3.700627544           1.468927640           0.330940587           0.003916789           0.223203318           0.017548076          -0.466609592
  369      4           0.534343536          -3.429497155          -1.949629427           0.002487437           0.169503282           0.014674861          -0.435830220
  370      4           0.035063198          -2.881395260          -2.035270133           0.000495142           0.044445892           0.011140322          -0.428456826
  371      4           3.114288586           1.310851130           1.613748523           0.002651459           0.185005687           0.014331769          -0.447247575
  372      4           4.904036145          -0.078578239           0.828434337           0.004392062           0.245727677           0.017873697          -0.429033700
  373      4           3.037797834           0.438348782          -2.555560174           0.002227868           0.169503282           0.013143508          -0.416429543
  374      4           4.663282484           0.535927277           0.413134986           0.004449632           0.223809520           0.019881334          -0.442371561
  375      4           5.168318616          -0.683337802           0.413134986           0.003635763           0.223809520           0.016244901          -0.416673952
  376      4           3.949928982          -0.798960025          -2.555560174           0.002673561           0.169503282           0.015772915          -0.412872291
  377      4           3.949928982          -1.763730607          -2.555560174           0.002477930           0.169503282           0.014618773          -0.404663406
  378      4           4.622868757          -0.195041584           1.583260325           0.003886669           0.225705838           0.017220063          -0.425395409
  379      4           4.904036145          -2.484112393           0.828434337           0.002629233           0.245727677           0.010699783          -0.389664199
  380      4           3.037797834          -3.001039415          -2.555560174           0.002514498           0.169503282           0.014834507          -0.406543914
  381      4           5.168318616          -1.879352830           0.413134986           0.002686569           0.223809520           0.012003819          -0.395225454
  382      4           2.581821769          -1.862867530          -3.144567077           0.002548692           0.177570605           0.014353121          -0.402295034
  383      4           2.000299555          -2.891241351          -2.823627637           0.002819773           0.185657518           0.015188033          -0.410777291
  384      4           4.663282484          -3.098617909           0.413134986           0.002249984           0.223809520           0.010053121          -0.386180809
  385      4           2.482684846          -3.230974743          -2.555560174           0.002675679           0.169503282           0.015785411          -0.411899450
  386      4           1.517914264          -3.230974743          -2.555560174           0.002648227           0.169503282           0.015623454          -0.418295772
  387      4           4.622868757          -2.367649048           1.583260325           0.002677426           0.225705838           0.011862460          -0.394685670
  388      4           3.719993654          -2.318843595          -2.555560174           0.002400121           0.169503282           0.014159734          -0.402543237
  389      4           3.138667958          -2.419713719          -2.823627637           0.002790558           0.185657518           0.015030676          -0.404734876
  390      4           2.822696156          -1.281345316          -3.144567077           0.002521843           0.177570605           0.014201917          -0.402191902
  391      4           2.000299555          -2.103741917          -3.144567077           0.002424146           0.177570605           0.013651730          -0.401193485
  392      4           0.861931152          -2.419713719          -2.823627637           0.001815709           0.185657518           0.009779883          -0.402510535
  393      4           3.610195590          -1.281345316          -2.823627637           0.002839430           0.185657518           0.015293911          -0.407355442
  394      4           2.581821769          -0.699823103          -3.144567077           0.002299539           0.177570605           0.012949999          -0.398789092
  395      4           3.203066632          -4.185081906           0.828434337           0.003523616           0.245727677           0.014339517          -0.407761172
  396      4           3.719993654          -0.243847038          -2.555560174           0.002704043           0.169503282           0.015952750          -0.417298607
  397      4           3.138667958          -0.142976913          -2.823627637           0.002584098           0.185657518           0.013918630          -0.410473132
  398      4           2.666613033           1.187816407          -2.005967350           0.000564409           0.054742294           0.010310298          -0.430186444
  399      4           0.962801277          -3.001039415          -2.555560174           0.002279176           0.169503282           0.013446203          -0.417221262
  400      4           0.425769353          -2.310626510          -2.650674092           0.000425995           0.094740060           0.004496464          -0.399517022
  401      4          -0.047184664          -3.623148375          -0.942552429           0.001399026           0.061659434           0.022689564          -0.465885833
  402      4           0.047811224          -3.297285191          -1.639638378           0.001978824           0.146759118           0.013483480          -0.446552875
  403      4           3.817572148          -3.944328245           0.413134986           0.002724129           0.223809520           0.012171641          -0.396109472
  404      4           2.482684846          -3.836905490          -1.949629427           0.002847602           0.169503282           0.016799687          -0.417116778
  405      4           1.418777342          -1.862867530          -3.144567077           0.001825787           0.177570605           0.010282037          -0.393291671
  406      4           2.000299555          -4.104972953          -1.609896034           0.003363085           0.185657518           0.018114458          -0.426886023
  407      4           0.744269677          -1.675414224          -2.971823836           0.000033212           0.005529564           0.006006266          -0.380612947
  408      4           2.598307069          -4.449364377           0.413134986           0.003786599           0.223809520           0.016918845          -0.420464318
  409      4           0.667422956          -1.795461480          -2.919548392           0.000030440           0.004280682           0.007110986          -0.383239135
  410      4           3.996905805          -3.277951566          -1.609896034           0.002305748           0.185657518           0.012419364          -0.395608320
  411      4           1.171857833          -1.380465923          -3.141416510           0.000693035           0.136049485           0.005093992          -0.380495252
  412      4           3.086603287          -3.903914518           1.583260325           0.003304479           0.225705838           0.014640647          -0.408928332
  413      4           1.575500665          -0.823360961          -3.189738940           0.000709882           0.100204398           0.007084344          -0.379659435
  414      4           4.823927192          -1.281345316          -1.609896034           0.002760390           0.185657518           0.014868184          -0.407265869
  415      4           2.134507334           0.190718559          -2.894763288           0.000633863           0.091016441           0.006964274          -0.390633143
  416      4           0.797532478          -4.185081906           0.828434337           0.004703679           0.245727677           0.019141835          -0.451703767
  417      4           2.507389197           0.659296413          -2.557617651           0.001125977           0.143204849           0.007862702          -0.407956872
  418      4           1.948591721          -0.409239943          -3.130718255           0.001223563           0.171060234           0.007152820          -0.385328425
  419      4           1.402292041          -4.449364377           0.413134986           0.004424770           0.223809520           0.019770249          -0.443463977
  420      4           0.125420252          -3.905536683           0.403838508           0.003865937           0.214215541           0.018046951          -0.468330736
  421      4           0.913995823          -3.903914518           1.583260325           0.003889364           0.225705838           0.017232003          -0.441215776
  422      4           0.797532478          -4.185081906          -0.828434337           0.004703679           0.245727677           0.019141835          -0.451703767
  423      4           3.996905805           0.715260934           1.609896034           0.003395831           0.185657518           0.018290838          -0.439635864
  424      4           4.223844260           0.942199388           0.822396601           0.003830237           0.177570605           0.021570221          -0.449846889
  425      4           4.148451394           0.184610703           1.949629427           0.003009802           0.169503282           0.017756598          -0.428978376
  426      4           3.203066632          -4.185081906          -0.828434337           0.003523616           0.245727677           0.014339517          -0.407761172
  427      4           3.466255574           0.866806523           1.949629427           0.002621399           0.169503282           0.015465182          -0.435537247
  428      4           4.823927192          -1.281345316           1.609896034           0.002760390           0.185657518           0.014868184          -0.407265869
  429      4           5.144866633          -1.281345316           0.822396601           0.002655525           0.177570605           0.014954753          -0.405541027
  430      4           4.904036145          -2.484112393          -0.828434337           0.002629233           0.245727677           0.010699783          -0.389664199
  431      4           4.555859729          -0.798960025           1.949629427           0.002790925           0.169503282           0.016465315          -0.414913784
  432      4           4.555859729          -1.763730607           1.949629427           0.002409281           0.169503282           0.014213773          -0.402155228
  433      4           3.996905805          -3.277951566           1.609896034           0.002305748           0.185657518           0.012419364          -0.395608320
  434      4           4.223844260          -3.504890021           0.822396601           0.002076753           0.177570605           0.011695363          -0.390528167
  435      4           4.148451394          -2.747301335           1.949629427           0.002224145           0.169503282           0.013121547          -0.396686586
  436      4           3.466255574          -3.429497155           1.949629427           0.002424142           0.169503282           0.014301445          -0.402688371
  437      4           2.000299555          -4.104972953           1.609896034           0.003363085           0.185657518           0.018114458          -0.426886023
  438      4           2.000299555          -4.425912394           0.822396601           0.003458461           0.177570605           0.019476542          -0.431291443
  439      4           2.482684846          -3.836905490           1.949629427           0.002847602           0.169503282           0.016799687          -0.417116778
  440      4           1.517914264          -3.836905490           1.949629427           0.003005089           0.169503282           0.017728794          -0.429492572
  441      4           0.047811224          -3.297285191           1.639638378           0.001978824           0.146759118           0.013483480          -0.446552875
  442      4          -0.047184664          -3.623148375           0.942552429           0.001399026           0.061659434           0.022689564          -0.465885833
  443      4           0.534343536          -3.429497155           1.949629427           0.002487437           0.169503282           0.014674861          -0.435830220
  444      4           0.035063198          -2.881395260           2.035270133           0.000495142           0.044445892           0.011140322          -0.428456826
  445      4           2.666613033           1.187816407           2.005967350           0.000564409           0.054742294           0.010310298          -0.430186444
  446      4           3.138667958          -0.142976913           2.823627637           0.002584098           0.185657518           0.013918630          -0.410473132
  447      4           3.719993654          -0.243847038           2.555560174           0.002704043           0.169503282           0.015952750          -0.417298607
  448      4           3.037797834           0.438348782           2.555560174           0.002227868           0.169503282           0.013143508          -0.416429543
  449      4           2.581821769          -0.699823103           3.144567077           0.002299539           0.177570605           0.012949999          -0.398789092
  450      4           3.610195590          -1.281345316           2.823627637           0.002839430           0.185657518           0.015293911          -0.407355442
  451      4           3.949928982          -0.798960025           2.555560174           0.002673561           0.169503282           0.015772915          -0.412872291
  452      4           3.949928982          -1.763730607           2.555560174           0.002477930           0.169503282           0.014618773          -0.404663406
  453      4           2.822696156          -1.281345316           3.144567077           0.002521843           0.177570605           0.014201917          -0.402191902
  454      4           3.138667958          -2.419713719           2.823627637           0.002790558           0.185657518           0.015030676          -0.404734876
  455      4           3.719993654          -2.318843595           2.555560174           0.002400121           0.169503282           0.014159734          -0.402543237
  456      4           3.037797834          -3.001039415           2.555560174           0.002514498           0.169503282           0.014834507          -0.406543914
  457      4           2.581821769          -1.862867530           3.144567077           0.002548692           0.177570605           0.014353121          -0.402295034
  458      4           2.000299555          -2.891241351           2.823627637           0.002819773           0.185657518           0.015188033          -0.410777291
  459      4           2.482684846          -3.230974743           2.555560174           0.002675679           0.169503282           0.015785411          -0.411899450
  460      4           1.517914264          -3.230974743           2.555560174           0.002648227           0.169503282           0.015623454          -0.418295772
  461      4           2.000299555          -2.103741917           3.144567077           0.002424146           0.177570605           0.013651730          -0.401193485
  462      4           0.861931152          -2.419713719           2.823627637           0.001815709           0.185657518           0.009779883          -0.402510535
  463      4           0.962801277          -3.001039415           2.555560174           0.002279176           0.169503282           0.013446203          -0.417221262
  464      4           0.425769353          -2.310626510           2.650674092           0.000425995           0.094740060           0.004496464          -0.399517022
  465      4           1.418777342          -1.862867530           3.144567077           0.001825787           0.177570605           0.010282037          -0.393291671
  466      4           0.744269677          -1.675414224           2.971823836           0.000033212           0.005529564           0.006006266          -0.380612947
  467      4           0.667422956          -1.795461480           2.919548392           0.000030440           0.004280682           0.007110986          -0.383239135
  468      4           1.171857833          -1.380465923           3.141416510           0.000693035           0.136049485           0.005093992          -0.380495252
  469      4           1.575500665          -0.823360961           3.189738940           0.000709882           0.100204398           0.007084344          -0.379659435
  470      4           2.134507334           0.190718559           2.894763288           0.000633863           0.091016441           0.006964274          -0.390633143
  471      4           2.507389197           0.659296413           2.557617651           0.001125977           0.143204849           0.007862702          -0.407956872
  472      4           1.948591721          -0.409239943           3.130718255           0.001223563           0.171060234           0.007152820          -0.385328425
