  3    2.0662362460   -0.8879982490   -0.2834734770
  3    1.2135623790    0.2943876660    0.0927377300
  5    1.4434248120    1.4240623850   -0.2908912710
  3   -0.0000025400    0.0000316390    0.9814647620
  3   -1.2135648490   -0.2943822310    0.0927512770
  5   -1.4433788470   -1.4240689110   -0.2908715320
  3   -2.0662724250    0.8879697690   -0.2834883490
  1    2.8043501780   -0.6069792110   -1.0340016320
  1    2.5767346420   -1.2629405050    0.6100160060
  1    1.4404173390   -1.7058443350   -0.6520706710
  1    0.1885895040   -0.8758486710    1.6032003130
  1   -0.1885962410    0.8759477930    1.6031485330
  1   -2.8044268850    0.6068939570   -1.0339552040
  1   -2.5767144150    1.2629843450    0.6100018470
  1   -1.4404747120    1.7057872790   -0.6521884310
