  3   -1.7734589510   -0.1772280960   -0.5002908990
  3   -0.8876204720    0.0261300560    0.7317565950
  3    0.6204347890    0.1081786780    0.4482531540
  3    1.2053470230   -1.1385379580   -0.1993557760
  5    0.9310501520    1.2080360210   -0.4295191760
  1   -1.5965138400   -1.1449326000   -0.9771607590
  1   -1.5919739410    0.6009651980   -1.2459214140
  1   -2.8313529820   -0.1351936860   -0.2269739750
  1   -1.0562248510   -0.7807933900    1.4547765250
  1   -1.1815002660    0.9533700170    1.2401637220
  1    1.1288974580    0.2735720270    1.4085255020
  1    1.0158369590   -2.0201913320    0.4183066230
  1    2.2863913360   -1.0303858720   -0.3188078310
  1    0.7724900100   -1.3113012780   -1.1879400970
  1    0.6173345670    2.0193466710   -0.0109933360
