  3    1.2708311920   -0.6666789780    0.1005790960
  3   -0.0000001620    0.0334546810   -0.3748837240
  3   -1.2708334980   -0.6666751630    0.1005796470
  5    0.0000018770    1.4169663470    0.0219075840
  1    2.1574767720   -0.1353436120   -0.2552755750
  1    1.3048391070   -0.6950998410    1.1953333970
  1    1.3161095500   -1.6961845430   -0.2661661470
  1   -0.0000002900    0.0721839310   -1.4686275850
  1   -2.1574775570   -0.1353368900   -0.2552744750
  1   -1.3161153510   -1.6961805050   -0.2661658410
  1   -1.3048408800   -0.6950960700    1.1953339470
  1    0.0000084440    1.4447235170    0.9879314940
