  5    2.6492922260   -0.1752959440   -0.6197907090
  3    1.7527166250    0.5989278820   -1.3432455360
  4    0.3464065220    0.4093324730   -0.8844091420
  3   -0.3659906870    1.4271776470   -0.3353124290
  3   -1.6519703060    1.2607940570    0.0931959540
  3   -2.2940111870   -0.0088057310   -0.0222097620
  4   -3.5550378910   -0.2082328050    0.3842646750
  3   -4.3316832070    0.8908400000    0.9663664400
  3   -4.1827813970   -1.5261167450    0.2451852370
  3   -1.5104150180   -1.0555235310   -0.5996304920
  3   -0.2312316010   -0.8164705780   -1.0073032820
  3    2.9394124670    0.3087428210    0.7089635320
  3    4.0537186030   -0.5371429300    1.3009198730
  3    5.3812056850   -0.4291532310    0.5470882580
  1    1.8078098140    0.2727806940   -2.3803163450
  1    1.9643558130    1.6680024170   -1.2709884070
  1    0.1420026380    2.3793303100   -0.2595232140
  1   -2.1576386610    2.1143958880    0.5193680580
  1   -5.3170092740    0.5208787280    1.2338771330
  1   -4.4505076520    1.7088983000    0.2514232970
  1   -3.8496924270    1.2766228030    1.8679051670
  1   -3.6326086340   -2.2834327090    0.8088502530
  1   -5.1951153100   -1.4752403530    0.6344168480
  1   -4.2291305060   -1.8298968560   -0.8035244940
  1   -1.9064535200   -2.0515451240   -0.7308364060
  1    0.3851435780   -1.5899228910   -1.4454145850
  1    2.0365279080    0.2424468500    1.3253233700
  1    3.2349876650    1.3632296290    0.6423525850
  1    3.7212653220   -1.5805292150    1.3370139860
  1    4.1857823810   -0.2186585080    2.3407043360
  1    5.2811017140   -0.7688081970   -0.4864003120
  1    6.1526623930   -1.0387488670    1.0249143490
  1    5.7387786700    0.6052490190    0.5260845660
