  3    1.2861634260   -0.6126565770    0.0000055690
  3    0.0000000000    0.1822134850   -0.0000349630
  5    0.0000000000    1.4004319450    0.0000086960
  3   -1.2861634220   -0.6126565830    0.0000019950
  1    1.3268718960   -1.2642733470   -0.8783396550
  1    1.3267672810   -1.2643796260    0.8782763100
  1    2.1465411770    0.0562242310    0.0000941250
  1   -1.3268512120   -1.2642140780    0.8783929780
  1   -2.1465411800    0.0562242120   -0.0001059530
  1   -1.3267879450   -1.2644389000   -0.8782229790
