  3    0.0000000000    1.3960783180    0.0000000000
  3    1.2090392890    0.6980391590    0.0000000000
  3    1.2090392890   -0.6980391590    0.0000000000
  3    0.0000000000   -1.3960783180    0.0000000000
  3   -1.2090392890   -0.6980391590    0.0000000000
  3   -1.2090392890    0.6980391590    0.0000000000
  1    0.0000000000    2.4816673420    0.0000000000
  1    2.1491869620    1.2408336710    0.0000000000
  1    2.1491869620   -1.2408336710    0.0000000000
  1    0.0000000000   -2.4816673420    0.0000000000
  1   -2.1491869620   -1.2408336710    0.0000000000
  1   -2.1491869620    1.2408336710    0.0000000000
