  3   -5.5121760250   -1.7267722670   -0.2015034360
  3   -4.8352818180   -0.4770930800    0.3687572480
  3   -3.3437731510   -0.6954298310    0.5882461170
  5   -2.7086707330    0.4641830990    1.1823738820
  3   -2.2751422700    1.4321398590    0.2924800280
  4   -0.9595931250    1.0644234680   -0.3125953970
  3   -0.6343183910    1.0923770610   -1.6561199550
  3    0.6630580780    0.7038815090   -1.7623378650
  4    1.1128874440    0.4409875280   -0.4747721500
  3    0.1078880850    0.6677991150    0.3813901090
  3    2.4328854430   -0.0007622420   -0.1110884640
  3    3.0866718300    0.6072450960    0.9590738750
  3    4.3605120760    0.1660824350    1.3105661430
  3    4.9737552310   -0.8581166440    0.5895700950
  3    4.3096611210   -1.4499058510   -0.4849428070
  3    3.0304368280   -1.0278038930   -0.8393229610
  1   -5.3919786930   -2.5844044330    0.4674124210
  1   -6.5833575550   -1.5613074930   -0.3398273720
  1   -5.0902715100   -2.0007671800   -1.1732322300
  1   -4.9891830240    0.3686908860   -0.3101342910
  1   -5.2913917620   -0.2029445060    1.3257506850
  1   -3.1721116270   -1.5046778980    1.3000310430
  1   -2.8365243280   -0.9574715940   -0.3461934320
  1   -2.1339135740    2.3566619550    0.8489781980
  1   -2.9501172240    1.5992505730   -0.5483356540
  1   -1.3466480150    1.3908282390   -2.4068495590
  1    1.3055980520    0.6018665850   -2.6199176920
  1    0.1485843360    0.5270480970    1.4482348920
  1    2.6166303970    1.4222925260    1.4975336430
  1    4.8759861180    0.6343288130    2.1416607270
  1    5.9682163580   -1.1934345240    0.8631275730
  1    4.7812040790   -2.2493646320   -1.0454895650
  1    2.5005213870   -1.4997847730   -1.6587763740
