  3   -3.4053974510   -0.4185937890   -0.0303938060
  3   -2.1790063700    0.4750517870   -0.2305971680
  3   -0.8762535020   -0.1764854510    0.2436423980
  3    0.3551470860    0.7148996860    0.0393817620
  3    1.6321724900    0.0680706950    0.5098496780
  3    2.9152398730    0.2665132850   -0.1699113700
  5    2.1839896730   -0.9657119440   -0.3408451890
  1   -4.3188712890    0.0709915760   -0.3804995140
  1   -3.3030571020   -1.3604195310   -0.5792256660
  1   -3.5468924300   -0.6667183050    1.0265519740
  1   -2.0859558590    0.7364213410   -1.2919946920
  1   -2.3245296310    1.4221410040    0.3037198450
  1   -0.9653347230   -0.4362327350    1.3064057300
  1   -0.7262188130   -1.1215652320   -0.2926652460
  1    0.4565809540    0.9752265120   -1.0204396730
  1    0.2253712220    1.6577341090    0.5860184800
  1    1.6649385560   -0.1993026150    1.5657468340
  1    2.9558337760    0.8973740070   -1.0545027380
  1    3.8448052090    0.1733081430    0.3858172210
