  6   -2.9708254670    2.4410143160    0.5287027550
  3   -2.7332077680    1.3710013010   -0.2463944130
  6   -3.8533126450    1.0814484090   -0.9142313100
  6   -1.7755540290    1.6919980770   -1.1227195470
  3   -2.2981023200    0.1739036430    0.6510553230
  6   -1.3462674360    0.5966004310    1.5045871360
  6   -3.3710551620   -0.2210138220    1.3667625900
  9   -1.6368902850   -1.3664117960   -0.2683168260
  5   -2.5190931630   -1.5018987740   -1.4287977430
  5   -1.6716721650   -2.4119137820    0.7584995560
  4   -0.1780584500   -0.9758740100   -0.8021650570
  9    1.2200807560   -1.2053143390   -0.0284421150
  3    1.9836813410    0.5140819670   -0.3421137790
  6    1.1998344000    1.4392634460    0.2414304420
  6    2.0016561750    0.7325552420   -1.6713426700
  3    3.4336402830    0.7009899910    0.1979359380
  6    3.4780227610    0.5227903380    1.5218068960
  6    3.8424587800    1.9496336270   -0.0745480480
  6    4.2784696600   -0.1546396000   -0.3842197410
  5    2.0723141810   -2.1324578390   -0.7774900540
  5    1.1495072810   -1.3659770250    1.4270811800
