  3    3.4018665000   -0.9495948380    0.3928195120
  3    2.0901414030   -0.5334604390   -0.2773120960
  3    1.6280670580    0.8603768750    0.1574106730
  3    0.3544157790    1.3514568210   -0.5325135980
  4   -0.8290486300    0.5277432780   -0.2064286580
  3   -1.4682860320    0.4867208710    1.0218114660
  3   -2.4922845890   -0.4022849360    0.9138615720
  4   -2.4547445930   -0.8849604800   -0.3766520410
  3   -1.4460746250   -0.3143163180   -1.0366680460
  1    3.7119913130   -1.9472316870    0.0701959300
  1    3.3009495800   -0.9693717820    1.4825485590
  1    4.2105607210   -0.2540452510    0.1475845500
  1    2.2111778570   -0.5492161740   -1.3670988080
  1    1.3152061870   -1.2720702750   -0.0430138300
  1    1.4897977950    0.8919030350    1.2438436990
  1    2.4063021520    1.5961823660   -0.0734214990
  1    0.1185897840    2.3738268640   -0.2357849150
  1    0.4600081130    1.3311307940   -1.6174413790
  1   -1.1422720550    1.0921214610    1.8504437540
  1   -3.2334123140   -0.7248816240    1.6247717690
  1   -1.1791537470   -0.4966418030   -2.0641292780
  1   -3.0902657960   -1.5645737240   -0.7733905510
