  3    4.3490942950   -0.3681027300   -0.7926477630
  3    3.3312886130   -0.1517807050    0.3295275890
  3    1.8958514510   -0.0324924160   -0.1930241200
  3    0.8973825840    0.1783033300    0.9455258300
  4   -0.4909459530    0.2879288440    0.4583836620
  3   -1.0733517060    1.4190265920   -0.0820838060
  3   -2.3393530330    1.0819530900   -0.4484207350
  4   -2.5113108970   -0.2519017130   -0.1294769960
  3   -1.3809702010   -0.7070402140    0.4149476820
  3   -3.7324304230   -1.0340138620   -0.3446821620
  1    4.3379442150    0.4637232150   -1.5038227350
  1    5.3641078970   -0.4513585730   -0.3945764030
  1    4.1346854780   -1.2847967940   -1.3508238590
  1    3.5899509930    0.7539199700    0.8905907000
  1    3.3896092180   -0.9823208030    1.0428718060
  1    1.8249759820    0.8037225290   -0.8971660950
  1    1.6222902160   -0.9390534280   -0.7440896770
  1    0.9224466770   -0.6523878770    1.6511144700
  1    1.1117948490    1.0939833090    1.4979516610
  1   -0.5414269070    2.3530794590   -0.1507488630
  1   -3.1268980420    1.6644395940   -0.8962029140
  1   -1.2154778400   -1.7124236510    0.7657715870
  1   -3.9672416060   -1.0483637710   -1.4078354790
  1   -3.5636682490   -2.0479046590    0.0088956230
  1   -4.5523644030   -0.5815669410    0.2108684260
