  3   -1.8886282180    0.2045858140   -0.3049235200
  3   -0.7947407830   -0.5609116190    0.4553299810
  3    0.6220132840   -0.1950684320    0.0511402510
  5    1.4257692410   -1.0510254260   -0.2773596950
  3    1.0026977050    1.2685875750    0.0751272930
  1   -2.8750905390   -0.1423073170    0.0108156440
  1   -1.8075446860    0.0445360170   -1.3835225920
  1   -1.8391148850    1.2793409090   -0.1171320800
  1   -0.8894421700   -0.3533996920    1.5290521130
  1   -0.9071751250   -1.6389773470    0.3194626940
  1    2.0866373250    1.3730211950    0.0291284340
  1    0.6114606400    1.7694979220    0.9643076510
  1    0.5660635810    1.7733317040   -0.7932783290
