  3   -1.8870412550   -0.6060517690    0.3533952690
  3   -1.0880755480    0.2594707850   -0.6263846540
  3    0.0833504560    1.0247682350    0.0082932600
  3    1.1917408240    0.1499343750    0.5937353750
  5    1.8375235830   -0.6716418130   -0.3902331830
  1   -2.2745208090   -0.0076020230    1.1845379960
  1   -2.7412833490   -1.0740249410   -0.1443128730
  1   -1.2802783210   -1.4095454890    0.7808018970
  1   -1.7609616790    0.9867676510   -1.0938870330
  1   -0.7139916520   -0.3640914210   -1.4471030830
  1    0.5306030300    1.6852469930   -0.7439088530
  1   -0.2942244820    1.6733842990    0.8096929780
  1    1.9791717460    0.7846128960    1.0071514510
  1    0.8110620760   -0.4731892490    1.4115557190
  1    1.2443879200   -1.3971539650   -0.6168982350
