  3   -6.3769210540    4.0147698940   -0.5618677510
  3   -5.8523574320    2.6065753440   -0.2678091340
  3   -6.5417855250    1.9517398000    0.9358338150
  3   -5.9975742100    0.5666917980    1.3185154960
  3   -6.2604965080   -0.5304705830    0.2777567730
  3   -5.8740029950   -1.9461887290    0.7380579560
  3   -4.3803014500   -2.1847017060    1.0157959670
  3   -3.4691070160   -2.0408731610   -0.2096197310
  3   -2.0039428260   -2.3803106570    0.0921387240
  3   -1.0700727810   -2.3454795730   -1.1288649500
  3   -0.9105130880   -0.9789159510   -1.8182490690
  3   -0.3441967940    0.1507622250   -0.9400721540
  3    1.0574393740   -0.0862399520   -0.3526025660
  3    2.1651067670   -0.2198226370   -1.4065674340
  3    3.5716882240   -0.4477977390   -0.8331278110
  3    4.1148525850    0.7710283660   -0.0825036090
  4    5.4994152940    0.5592013360    0.3824500100
  3    5.8816094560   -0.1780207990    1.4875286560
  3    7.2410871170   -0.1558002340    1.5335469420
  4    7.6705612770    0.5918665170    0.4533996630
  3    6.5998778900    1.0098381600   -0.2250892460
  3    9.0665184580    0.8854281550    0.1151741580
  1   -5.8682040560    4.4616452670   -1.4212594610
  1   -7.4491697970    3.9999242590   -0.7836485920
  1   -6.2276512560    4.6805963010    0.2945648370
  1   -4.7716553760    2.6510000870   -0.0810133420
  1   -5.9808115790    1.9817035390   -1.1584891900
  1   -7.6195639380    1.8754151000    0.7373255500
  1   -6.4415920010    2.6200316570    1.8007846290
  1   -6.4530379710    0.2615244340    2.2696739580
  1   -4.9212997160    0.6496548430    1.5134512170
  1   -7.3309705020   -0.5299216580    0.0339722170
  1   -5.7431057920   -0.2922980050   -0.6575641290
  1   -6.4418359580   -2.1852363600    1.6466051770
  1   -6.2067574340   -2.6651564070   -0.0217456170
  1   -4.0337415510   -1.5077529850    1.8062424140
  1   -4.2652895270   -3.1978107810    1.4219524460
  1   -3.5379590730   -1.0210855870   -0.6027556060
  1   -3.8344546650   -2.6998488830   -1.0096082230
  1   -1.6288485510   -1.7033074030    0.8696116640
  1   -1.9589324620   -3.3861657780    0.5289017000
  1   -1.4385812060   -3.0637644660   -1.8725573010
  1   -0.0836551350   -2.7157113000   -0.8256740570
  1   -1.8808101870   -0.6526411490   -2.2095683860
  1   -0.2730119100   -1.1115645640   -2.6998627940
  1   -0.3229282090    1.0723592910   -1.5357022420
  1   -1.0368016920    0.3496850830   -0.1143270910
  1    1.0538783490   -0.9828145670    0.2790592450
  1    1.2848506500    0.7501722460    0.3178402460
  1    1.9399684110   -1.0606974650   -2.0697401630
  1    2.1741450500    0.6739304240   -2.0440461730
  1    3.5651870350   -1.3143640610   -0.1628693370
  1    4.2625910410   -0.6826045080   -1.6493386270
  1    3.5223226520    1.0085002580    0.8003125830
  1    4.1283900950    1.6516721880   -0.7254865520
  1    5.1591007000   -0.6416080740    2.1379192880
  1    7.9342380130   -0.5942720750    2.2315756290
  1    6.6202809050    1.6161474090   -1.1157964550
  1    9.5297514600    1.4280384360    0.9377439270
  1    9.5979660740   -0.0486022940   -0.0600743800
  1    9.0867139500    1.4944804490   -0.7852069100
