  3    2.8185648140   -0.2198076680   -0.1634278650
  3    1.4784895460    0.3387954840    0.3215042570
  3    0.2827233770   -0.5034994300   -0.1350741670
  3   -1.0721992050    0.0280480340    0.3218961010
  3   -2.2249727130   -0.9027664430   -0.0458310200
  5   -1.2515786450    1.3182956200   -0.2939821780
  1    3.6557067980    0.3965348710    0.1772454810
  1    2.8595800790   -0.2580498990   -1.2569364870
  1    2.9835300970   -1.2367430450    0.2076346410
  1    1.4803281380    0.3953546780    1.4173060140
  1    1.3562506060    1.3652699660   -0.0376922480
  1    0.3934099670   -1.5278759020    0.2397331620
  1    0.2733747250   -0.5717270020   -1.2309522920
  1   -1.0533828020    0.1575109430    1.4139620850
  1   -2.2626425930   -1.0571384120   -1.1285172390
  1   -2.1160864490   -1.8768437440    0.4402354290
  1   -3.1817111920   -0.4754824450    0.2707197290
  1   -2.0713631290    1.6982051760    0.0447153070
