  3   -2.5616323560   -0.0547705270    0.2745499020
  3   -1.2735279000   -0.6793931980   -0.2650581080
  3    0.0000000570    0.0258673780    0.2127394560
  3    1.2735280630   -0.6793931710   -0.2650581310
  3    2.5616324710   -0.0547703290    0.2745497650
  5    0.0000000300    1.4143246920   -0.1735538670
  1   -3.4444219370   -0.5732137610   -0.1098701100
  1   -2.6393011940    0.9965636900   -0.0119878700
  1   -2.5965539660   -0.1054034490    1.3677680520
  1   -1.2197276050   -1.7330183990    0.0319783550
  1   -1.2841644700   -0.6687992580   -1.3632469940
  1    0.0000000560    0.0581771030    1.3085578750
  1    1.2841645780   -0.6687993350   -1.3632470050
  1    1.2197278740   -1.7330183420    0.0319784990
  1    2.6393011340    0.9965638760   -0.0119880880
  1    2.5965541780   -0.1054031800    1.3677679190
  1    3.4444221030   -0.5732134680   -0.1098702680
  1   -0.0000030000    1.4497260650   -1.1397467370
