  3    3.1799886370    0.2195003090    0.0132074800
  3    1.8558969800   -0.5478263730   -0.0193224310
  3    0.6278697440    0.3683061120    0.0149865600
  3   -0.7016474180   -0.3919926530   -0.0287467360
  3   -1.9170736880    0.5289095930    0.0138659100
  5   -3.1570159180   -0.1835501070   -0.0853249190
  1    4.0373108940   -0.4596274350   -0.0109895550
  1    3.2642693110    0.8269086120    0.9202880990
  1    3.2680852090    0.8944095160   -0.8444493620
  1    1.8162287660   -1.1707207940   -0.9214696870
  1    1.8131885490   -1.2406275490    0.8301940130
  1    0.6747403940    1.0654556010   -0.8318758650
  1    0.6652174260    0.9874038290    0.9208566240
  1   -0.7574116690   -1.0006348300   -0.9392516090
  1   -0.7578236990   -1.0883030000    0.8186824610
  1   -1.9068852170    1.2138999150   -0.8381811590
  1   -1.9006219250    1.1369624850    0.9283991800
  1   -3.2303762290   -0.7581074200    0.6864515160
