  3    2.4836526050   -0.6700379600   -0.2692057560
  3    1.7750185000    0.5985349210    0.2165440220
  3    0.3038304120    0.7098050340   -0.2060208900
  3   -0.6051941520   -0.3584609790    0.4384384490
  3   -2.0131515490   -0.2029605240    0.0755667980
  3   -3.1674937750   -0.0564208180   -0.2366223000
  1    3.5418056670   -0.6564470070    0.0073737450
  1    2.0478729490   -1.5765012690    0.1600804490
  1    2.4274271180   -0.7594157070   -1.3591274570
  1    1.8424921720    0.6629795390    1.3096549420
  1    2.3071520050    1.4744195080   -0.1710921670
  1    0.2251841520    0.6352984890   -1.2965852520
  1   -0.0762275090    1.6995286760    0.0670415870
  1   -0.2758920100   -1.3618375010    0.1496055080
  1   -0.5086434890   -0.3078735530    1.5295762610
  1   -4.1911433020    0.0670907780   -0.5087295500
