  3   -3.7581050400    1.9784935880   -0.4753342670
  3   -4.2375971940    0.5534627740   -0.1795402240
  3   -3.2224151740   -0.5457939090   -0.5264944240
  3   -1.9491910630   -0.5292231150    0.3284445660
  3   -1.0005520210   -1.6821245380   -0.0132444190
  3    0.2548549860   -1.7554155340    0.8593749930
  4    1.1464234120   -0.5858545120    0.7111563610
  3    1.1805658080    0.4873618610    1.5847099610
  3    2.0958621550    1.3666277670    1.1057048390
  4    2.6100301770    0.8210835660   -0.0549900010
  3    2.0249908660   -0.3679489780   -0.2850518010
  3    2.3235180700   -1.2486751400   -1.4416545630
  3    3.6404081720    1.4328642260   -0.8986028420
  1   -2.8870789570    2.2523425220    0.1263308730
  1   -3.4799847400    2.0892006790   -1.5288952480
  1   -4.5438084750    2.7095202220   -0.2629239600
  1   -4.5097975320    0.4710500470    0.8803322330
  1   -5.1591064220    0.3656209970   -0.7427126180
  1   -2.9484679990   -0.4626850440   -1.5866450910
  1   -3.7087018550   -1.5227732820   -0.4144645660
  1   -1.4282943390    0.4250663420    0.1990622920
  1   -2.2242729780   -0.5897743170    1.3895047990
  1   -1.5205355270   -2.6380962940    0.1158074280
  1   -0.7106394510   -1.6311217300   -1.0683464130
  1   -0.0085843890   -1.7996061930    1.9163081680
  1    0.8375853960   -2.6476497390    0.6320471380
  1    0.5577795980    0.5211259910    2.4622324290
  1    2.4299715160    2.3193619310    1.4803592780
  1    3.4020671250   -1.3826338710   -1.5480407630
  1    1.8652116730   -2.2276367740   -1.3212014410
  1    1.9473580250   -0.8045995030   -2.3676784390
  1    3.8797084170    2.4091811870   -0.4858161670
  1    4.5347689720    0.8104633330   -0.9035729320
  1    3.2656094290    1.5492661130   -1.9147224460
