  3    2.6965151280   -1.1109007290   -0.4727566170
  3    2.2318296790   -0.2157260590    0.6805732410
  3    1.5011979830    1.0622253400    0.2358400290
  3    0.1844224250    0.8549381600   -0.5305127940
  3   -0.9250571590    0.1678000200    0.2744980090
  3   -2.2519231520    0.0668659230   -0.4864185620
  3   -3.3593142690   -0.6213528100    0.3159640890
  1    1.8552856110   -1.5058528970   -1.0492809130
  1    3.3405618960   -0.5589627290   -1.1658794520
  1    3.2678706800   -1.9668708780   -0.1013945710
  1    1.5934494260   -0.7949255660    1.3574394300
  1    3.1046099340    0.0787830020    1.2753596860
  1    1.2984210020    1.6774459660    1.1219232660
  1    2.1821215580    1.6525311520   -0.3910244060
  1    0.3715571980    0.2844724800   -1.4484742470
  1   -0.1776697080    1.8369262440   -0.8606530790
  1   -1.0869192910    0.7193950040    1.2107742390
  1   -0.6070291650   -0.8399358540    0.5681664800
  1   -2.5808992140    1.0734271510   -0.7739213510
  1   -2.0892554180   -0.4778447650   -1.4250395490
  1   -3.0760627140   -1.6438582810    0.5865908480
  1   -4.2923822400   -0.6764589930   -0.2527591440
  1   -3.5696833690   -0.0813700950    1.2450483820
