  3    3.5846443570    0.0814887550    0.0000034460
  3    2.2148945840   -0.6020072210   -0.0000067680
  3    1.0470796000    0.3900635220    0.0000088750
  3   -0.3238463080   -0.2914115890   -0.0000011250
  3   -1.4842396390    0.7240154710    0.0000095340
  3   -2.8037001980    0.0934350950   -0.0000232760
  3   -3.8799322420   -0.4478945980   -0.0000487260
  1    3.7110651140    0.7162304290    0.8830851700
  1    4.3971322490   -0.6509984980   -0.0000080240
  1    3.7110647810    0.7162577040   -0.8830587190
  1    2.1328614080   -1.2564727000    0.8765587970
  1    2.1328611590   -1.2564458290   -0.8765923850
  1    1.1274523570    1.0447177120   -0.8775837990
  1    1.1274524010    1.0446909150    0.8776214610
  1   -0.4166370810   -0.9397385510    0.8782673890
  1   -0.4166353660   -0.9397141030   -0.8782878400
  1   -1.3998731330    1.3774525610    0.8761468980
  1   -1.3998589650    1.3774875350   -0.8760996590
  1   -4.8362858380   -0.9196037870    0.0002989520
