  3   -4.0926912980   -0.7080414900    0.0476231250
  3   -3.0284920380    0.3545159380   -0.2393595930
  3   -1.6198841970   -0.0659545430    0.1951123670
  3   -0.5540662250    0.9993895510   -0.0905168330
  3    0.8602055140    0.6521617100    0.4016503690
  3    1.5208572580   -0.5233289790   -0.3312792830
  3    2.9384277330   -0.8631729980    0.1563766690
  3    3.9884556910    0.2159996180   -0.1292376450
  1   -3.8701206950   -1.6436856650   -0.4758346080
  1   -5.0857815640   -0.3785312930   -0.2721885300
  1   -4.1479573630   -0.9346825520    1.1174838810
  1   -3.0219499500    0.5836992960   -1.3124891790
  1   -3.2993539070    1.2890473110    0.2679680540
  1   -1.6260400890   -0.2893026790    1.2707982320
  1   -1.3593797240   -1.0046821980   -0.3080230100
  1   -0.5213191400    1.1995706260   -1.1700697920
  1   -0.8666029710    1.9403026650    0.3800255290
  1    1.4885698520    1.5437627460    0.2983467000
  1    0.8240692990    0.4311207760    1.4773265410
  1    0.8962076280   -1.4169807360   -0.2242998680
  1    1.5537209200   -0.3036344980   -1.4074586200
  1    2.9089307250   -1.0684832440    1.2342194180
  1    3.2559507210   -1.7987886490   -0.3189652180
  1    4.0398322760    0.4406574650   -1.2000713840
  1    4.9837429970   -0.1100284590    0.1874075520
  1    3.7706063580    1.1512262510    0.3936092490
