  3   -7.8234041240    1.7226684880   -0.5382667630
  3   -6.4277827090    1.2288321470   -0.1472615180
  3   -6.2625180340   -0.2869017370   -0.3150276240
  3   -4.9050843490   -0.8440769840    0.1403562760
  3   -3.7128117830   -0.3826230940   -0.7096200070
  3   -2.3823951020   -1.0716387890   -0.3687982780
  3   -1.8383699570   -0.7210466910    1.0207482520
  3   -0.5123228130   -1.4007003830    1.3706955750
  4    0.6101597380   -0.9983270960    0.4960786610
  3    1.0974659480   -1.7549105430   -0.5584652540
  3    2.1079133920   -1.0503947080   -1.1240618630
  4    2.2251330020    0.1302738930   -0.4103985010
  3    1.3051894850    0.1485204220    0.5748059940
  3    1.0991496920    1.2531603240    1.5453876410
  3    3.2106327890    1.2055596720   -0.6820457210
  5    4.1419243330    1.3428740700    0.3431259050
  3    5.2069481820    0.3639501240    0.3674544810
  3    6.3517070980    0.7317323610   -0.5691182750
  3    7.4998617890   -0.2779199830   -0.4828622880
  1   -7.9174655350    2.8048552830   -0.4078709750
  1   -8.5980812640    1.2467652590    0.0719898030
  1   -8.0448588570    1.4956700940   -1.5863635280
  1   -6.2241661540    1.4980112240    0.8971849870
  1   -5.6786143830    1.7561760210   -0.7480732550
  1   -6.4292924940   -0.5546527150   -1.3672445080
  1   -7.0557942400   -0.7893862050    0.2530411740
  1   -4.7462597400   -0.5750641420    1.1916575890
  1   -4.9486957750   -1.9404925000    0.1120716290
  1   -3.9410714870   -0.5762511750   -1.7652075990
  1   -3.5833201440    0.7025350160   -0.6223558830
  1   -2.5046241160   -2.1597998230   -0.4455669060
  1   -1.6432583540   -0.7921389830   -1.1279992210
  1   -1.7315406970    0.3649479730    1.1173243980
  1   -2.5466948600   -1.0289378280    1.7959284740
  1   -0.2219609440   -1.1821130780    2.3983429560
  1   -0.5927329120   -2.4836176870    1.2774600000
  1    0.6851303390   -2.7205864040   -0.7964498360
  1    2.7508159990   -1.2736577620   -1.9587267010
  1    0.6507167930    0.8827899940    2.4663596070
  1    2.0511994330    1.7236285030    1.7851188090
  1    0.4342295690    2.0132386600    1.1246627290
  1    3.6592473730    0.9629993360   -1.6461402620
  1    2.6696920980    2.1466365220   -0.7567900820
  1    5.5478928270    0.3498609910    1.4041593990
  1    4.8061094180   -0.6286788700    0.1359150640
  1    5.9856750210    0.7854881290   -1.6000066230
  1    6.7078862530    1.7333340670   -0.3063109790
  1    8.3198940650    0.0058822380   -1.1469535460
  1    7.1714707900   -1.2812005390   -0.7709544610
  1    7.9009511090   -0.3381254940    0.5335056190
