  3   -6.0828232630   -0.9580909430    0.9697397900
  3   -5.7268591110   -0.5482492760   -0.4634526740
  3   -4.2223538780   -0.5572514430   -0.7743108260
  3   -3.4013811820    0.4873588580   -0.0084999520
  3   -1.9196788130    0.4984226070   -0.4010118310
  3   -1.1023175970    1.5423756410    0.3706491150
  3    0.3636642070    1.6740082150   -0.0707502450
  3    1.1917823900    0.4328023760    0.2200607960
  5    2.5653497230    0.7332177600   -0.1549625040
  9    3.6872066570   -0.4763740630    0.0132698320
  5    3.2507893620   -1.5743685470   -0.8822088810
  5    3.6792025120   -0.8520118170    1.4472118970
  5    4.9194997110    0.2093315990   -0.4271779980
  1   -7.1673806150   -0.9904815180    1.1122352850
  1   -5.6892400380   -1.9533750670    1.2037038760
  1   -5.6775041240   -0.2615156610    1.7089804120
  1   -6.1316200630    0.4511748670   -0.6692196530
  1   -6.2318546160   -1.2269285230   -1.1612598890
  1   -3.8187107070   -1.5581399300   -0.5687689190
  1   -4.0854689310   -0.3915502840   -1.8506449940
  1   -3.8298125940    1.4831147050   -0.1869422900
  1   -3.4825901680    0.3106386430    1.0706662380
  1   -1.8303926760    0.6956786710   -1.4777288200
  1   -1.5010250770   -0.5022898740   -0.2395230350
  1   -1.5784295060    2.5227436430    0.2515542500
  1   -1.1401543970    1.3170795100    1.4442542420
  1    0.8213790370    2.5221954340    0.4495416150
  1    0.4110957900    1.8944462210   -1.1433076030
  1    0.8535235320   -0.4298641330   -0.3573830380
  1    1.1639516500    0.1814501330    1.2840798590
