  3   -4.6347603990   -0.3906167730   -0.1616150360
  3   -3.1107401300   -0.5352005530   -0.1952740880
  3   -2.3827065840    0.8149508350   -0.1947971040
  3   -0.8529344050    0.7249250630   -0.3054040300
  3   -0.1628131240    0.0884315800    0.9094761940
  3    1.3724188760    0.1497301530    0.8733588470
  3    2.0166359110   -0.6954142550   -0.2344627710
  3    3.5507259070   -0.7587826930   -0.1743982220
  3    4.2525404180    0.5770084110   -0.4423097830
  1   -5.1309864770   -1.3656935140   -0.1646299430
  1   -4.9994340790    0.1694593130   -1.0290202910
  1   -4.9622730650    0.1439878280    0.7361980260
  1   -2.8169356840   -1.1003260670   -1.0892278090
  1   -2.7874206690   -1.1350391600    0.6625618030
  1   -2.7609177950    1.4151993840   -1.0323144020
  1   -2.6481808350    1.3681151410    0.7164698100
  1   -0.4513323360    1.7374400350   -0.4424608760
  1   -0.5942153190    0.1722859090   -1.2166837240
  1   -0.4745895510   -0.9578949610    1.0135872030
  1   -0.5129001110    0.5998767330    1.8156697360
  1    1.7600172470   -0.1928224320    1.8417665180
  1    1.6841397780    1.1968173800    0.7763821280
  1    1.7158233730   -0.3168535680   -1.2189314810
  1    1.6200445330   -1.7170277730   -0.1688844060
  1    3.8575463350   -1.1422162640    0.8072312420
  1    3.8997065890   -1.4950857580   -0.9080880000
  1    5.3401212850    0.4575669490   -0.4430501170
  1    4.0072128920    1.3280710900    0.3135527510
  1    3.9643750770    0.9839491240   -1.4175722120
