  3    0.6653850590    1.2267726200   -0.3810674830
  3   -0.6653859510    1.2267711060    0.3810688410
  3   -1.5271393020   -0.0000002180   -0.0000012730
  3   -0.6653850480   -1.2267724960   -0.3810675220
  3    0.6653858990   -1.2267712010    0.3810689130
  3    1.5271392990    0.0000001800   -0.0000012940
  1    0.4564273790    1.2152955170   -1.4576940840
  1    1.2204583950    2.1508995120   -0.1901926340
  1   -1.2204598320    2.1508983420    0.1901970620
  1   -0.4564282740    1.2152906790    1.4576954190
  1   -2.1851514240    0.2546621410   -0.8381215180
  1   -2.1851560270   -0.2546616410    0.8381156300
  1   -1.2204584210   -2.1508994880   -0.1901931920
  1   -0.4564270160   -1.2152951110   -1.4576940730
  1    0.4564283770   -1.2152908110    1.4576955030
  1    1.2204597790   -2.1508983750    0.1901969090
  1    2.1851561080    0.2546616150    0.8381155190
  1    2.1851512250   -0.2546623210   -0.8381216310
