  3   10.0741820100    3.8655445990    0.0215526180
  3    9.0135346320    2.8700899620   -0.4568250550
  3    8.8202077750    1.6947696150    0.5097953440
  3    7.8218949800    0.6239470700    0.0419511620
  3    6.3629266520    1.0968122740   -0.0235014300
  3    5.3603040610    0.0243382240   -0.4814834710
  3    5.1540491690   -1.1237074140    0.5161614190
  3    4.1660159370   -2.2050158530    0.0518245660
  3    2.7138683670   -1.7259209770   -0.0651623620
  3    1.7793005960   -2.8778085940   -0.4414540160
  4    0.3781445440   -2.4425035130   -0.5869459520
  3   -0.1664304870   -1.9464365590   -1.7571806350
  3   -1.4538632190   -1.6163060540   -1.4886826110
  4   -1.6827226850   -1.9105148340   -0.1553858160
  3   -0.5549833550   -2.4136121400    0.3828552700
  3   -0.3614071860   -2.8667155000    1.7841017510
  3   -2.9694449050   -1.6921191690    0.5398303330
  3   -2.9765338710   -0.4400331670    1.4265555700
  3   -2.8457057640    0.9172696970    0.7074379200
  3   -4.1456353940    1.5947073720    0.2335247180
  3   -4.9383767520    0.8958808860   -0.8951253940
  3   -6.0917613360   -0.0186518370   -0.4376730090
  3   -7.3119676830    0.7053849690    0.1584495610
  3   -8.1056751360    1.5484332910   -0.8492992120
  3   -9.4079073240    2.1435807260   -0.2910522960
  3   -9.2076066850    3.1976157060    0.8032483120
  1   11.0494451730    3.3812745730    0.1372780040
  1   10.1966505390    4.6922402710   -0.6845595310
  1    9.8041608680    4.2965956740    0.9912974010
  1    8.0647833620    3.3984161960   -0.6010906670
  1    9.2970981630    2.4797957960   -1.4427470570
  1    8.5052010430    2.0800815010    1.4891459200
  1    9.7944465740    1.2170013180    0.6748022960
  1    8.1250418840    0.2557589780   -0.9478348060
  1    7.8974697570   -0.2343293010    0.7184852620
  1    6.0616478250    1.4745988400    0.9632600380
  1    6.2888682540    1.9495201920   -0.7071047960
  1    5.6884576780   -0.3896831890   -1.4447184200
  1    4.3993500190    0.5134948590   -0.6755969540
  1    6.1140853050   -1.6094931850    0.7194365660
  1    4.8135577300   -0.7118580630    1.4755802370
  1    4.4952094910   -2.6075484960   -0.9146393480
  1    4.2043339700   -3.0420132170    0.7594021450
  1    2.3888845990   -1.2924110810    0.8873042420
  1    2.6249074630   -0.9397272280   -0.8205840740
  1    1.8074657930   -3.6702769250    0.3061610380
  1    2.0662459970   -3.3183686760   -1.3969956490
  1    0.4082521800   -1.8840111730   -2.6659009240
  1   -2.2285463810   -1.2124478900   -2.1176496580
  1    0.2545051140   -2.1547670210    2.3397769570
  1    0.1402713390   -3.8355589630    1.8064663540
  1   -1.3152536920   -2.9659999500    2.2974226190
  1   -3.1788183660   -2.5817893630    1.1338913310
  1   -3.7232010860   -1.6452257540   -0.2426695770
  1   -3.9040134490   -0.4681204880    2.0080845360
  1   -2.1676657150   -0.5406732400    2.1565712240
  1   -2.1543058060    0.8264570220   -0.1390128870
  1   -2.3589950430    1.6094766800    1.4028235740
  1   -4.7957430880    1.7529526510    1.1022868650
  1   -3.8676182490    2.5985814120   -0.1062502710
  1   -5.3483954760    1.6596189550   -1.5637550300
  1   -4.2456942700    0.3168638890   -1.5169636210
  1   -5.7240732830   -0.7383962920    0.3017484990
  1   -6.4269947780   -0.6159157630   -1.2952803490
  1   -7.9851399390   -0.0502958510    0.5836467080
  1   -6.9956555670    1.3283914440    1.0022408820
  1   -7.4817156420    2.3640125810   -1.2347877160
  1   -8.3500566540    0.9192886900   -1.7150304410
  1  -10.0389744800    1.3323812510    0.0941637080
  1   -9.9687563910    2.5948511430   -1.1180800420
  1   -8.7286285610    2.7799610060    1.6930419210
  1   -8.5797103350    4.0209685430    0.4460586070
  1  -10.1642473710    3.6251733050    1.1181029520
