  3   -1.1766655450   -0.7350541750    0.1955115580
  3   -1.1766655620    0.7350541490   -0.1955115570
  5   -0.0000000240    1.3857870360    0.2940580430
  3    1.1766655500    0.7350541790   -0.1955115410
  3    1.1766655670   -0.7350541520    0.1955115410
  5    0.0000000110   -1.3857870360   -0.2940580440
  1   -1.2227686140   -0.8304912360    1.2896717530
  1   -2.0310326390   -1.2551717750   -0.2416587240
  1   -1.2227686350    0.8304912040   -1.2896717530
  1   -2.0310326690    1.2551717280    0.2416587230
  1    2.0310326010    1.2551717610    0.2416588410
  1    1.2227686740    0.8304913030   -1.2896717250
  1    2.0310326320   -1.2551717140   -0.2416588370
  1    1.2227686920   -0.8304912730    1.2896717260
