  3   -0.9321945320   -1.2824819610   -0.0467765430
  3   -0.1328873490   -0.0000000280   -0.0584548750
  3    1.2353473020   -0.0000003290   -0.5909962170
  5    1.0124578470    0.0000011050    0.8364624170
  3   -0.9321951720    1.2824814400   -0.0467772500
  1   -0.2739009650   -2.1533793280   -0.0270364940
  1   -1.5827062900   -1.3196676790    0.8326138120
  1   -1.5666304790   -1.3487018850   -0.9355201830
  1    1.6591970460    0.9198505610   -0.9868924470
  1    1.6591973320   -0.9198519750   -0.9868904100
  1   -0.2739024920    2.1533797600   -0.0270500900
  1   -1.5666410940    1.3486948570   -0.9355142460
  1   -1.5826973230    1.3196721210    0.8326200320
