  3   -2.8655922190   -0.2933904650    0.7045486300
  3   -2.0295082450   -0.3283724870   -0.5693937130
  4   -0.6221686330    0.0447506280   -0.3229918950
  3   -0.1444044960    1.3258786320   -0.1197813040
  3    1.1932703250    1.2230873310    0.1051333310
  4    1.5132791510   -0.1199493740    0.0388400090
  3    0.3994983390   -0.8084733410   -0.2190364960
  3    2.8521584180   -0.6911672190    0.2133200820
  1   -3.8924127520   -0.5792048500    0.4657716770
  1   -2.8845199620    0.7074165870    1.1412724990
  1   -2.4775172020   -0.9935033430    1.4475785640
  1   -2.0164055020   -1.3248957450   -1.0092007780
  1   -2.4135604850    0.3639992460   -1.3187943360
  1   -0.7907978050    2.1865309310   -0.1589857140
  1    1.9395373300    1.9754029500    0.2981256780
  1    0.3357536490   -1.8783417370   -0.3309567140
  1    2.7909165970   -1.7696918710    0.0897732020
  1    3.5219475220   -0.2721975780   -0.5359456770
  1    3.2167522540   -0.4544980670    1.2116816190
