  3    2.8708136860    0.1102761840    0.7646937680
  3    2.0711584040    0.0594788380   -0.5331966210
  4    0.6620017120   -0.3160545510   -0.3076321290
  3    0.2007922230   -1.6156071670   -0.2026261980
  3   -1.1330200920   -1.5467785150    0.0350461290
  4   -1.4696111410   -0.2055907540    0.0755956740
  3   -0.3656619730    0.5337791090   -0.1314300500
  3   -0.2930327610    2.0160686760   -0.1796041500
  3   -2.8241975670    0.3127778240    0.2969814280
  1    3.9042672250    0.3830932040    0.5394788090
  1    2.4620224370    0.8540497110    1.4522364500
  1    2.8747092260   -0.8615924780    1.2629257940
  1    2.0767972320    1.0221548330   -1.0425916160
  1    2.4819797830   -0.6781965740   -1.2223251620
  1    0.8593881470   -2.4607635490   -0.3111606510
  1   -1.8707319280   -2.3187466210    0.1740570610
  1   -0.0637055830    2.3560901200   -1.1933304150
  1    0.4878578210    2.3878555550    0.4863359770
  1   -1.2402594420    2.4581872810    0.1223971830
  1   -3.4904598660   -0.5364228030    0.4220347390
  1   -2.8463350070    0.9252061180    1.1972364480
  1   -3.1433755580    0.9006326500   -0.5622252680
