  4   -2.2677857760   -0.2719318690    0.4185874850
  3   -1.9793662670    1.0048633600   -0.0154235300
  3   -0.7035704200    0.9726595500   -0.4865955620
  4   -0.2436354180   -0.3249543610   -0.3317377560
  3   -1.2112563710   -1.0595394110    0.2204875840
  3    1.1017509520   -0.8150966680   -0.6774686820
  3    2.1465326210   -0.4207804020    0.3504908760
  5    2.2962076030    0.9947146360    0.3180103290
  1   -2.6956323750    1.8058920280    0.0469655870
  1   -0.0850460530    1.7431333710   -0.9112145880
  1   -1.1501192960   -2.1081399510    0.4596685260
  1    1.0443309960   -1.8996336300   -0.7584234390
  1    1.3562102360   -0.4086286400   -1.6566299180
  1    1.8409361850   -0.7653779970    1.3447508550
  1    3.0824444990   -0.9261378450    0.0825739660
  1    2.8368533560    1.2633873640    1.0700508540
  1   -3.1442330970   -0.5766467530    0.8212833010
