  3    2.7626251040    0.0000017820    0.6976435240
  3    1.9252495580   -0.0000024430   -0.5916701950
  3    0.4353907260   -0.0000012190   -0.3257990170
  3   -0.2699360680    1.2020520480   -0.1831011370
  3   -1.6370186320    1.2051667010    0.0954257820
  3   -2.3261302660    0.0000013020    0.2365565680
  3   -1.6370205160   -1.2051653320    0.0954273810
  3   -0.2699379190   -1.2020531710   -0.1830995540
  1    3.8320614080    0.0000008760    0.4681475220
  1    2.5489008970   -0.8835386540    1.3062626290
  1    2.5489011690    0.8835463410    1.3062567360
  1    2.1884157830   -0.8776765390   -1.1911114650
  1    2.1884161670    0.8776674640   -1.1911174570
  1    0.2568181230    2.1459505100   -0.2962578590
  1   -2.1646320900    2.1486450260    0.1977596740
  1   -3.3903927720    0.0000022680    0.4502525700
  1   -2.1646354290   -2.1486427070    0.1977625350
  1    0.2568148200   -2.1459525930   -0.2962549950
