  3    2.0447098220   -0.3038220440   -0.0119481490
  3    0.8624569460    0.6602607870   -0.1543175630
  3   -0.3954322070    0.1338419280    0.4879460690
  3   -1.7283166680    0.3758497640   -0.0704149840
  5   -1.0954867270   -0.9116049800   -0.2283225710
  1    2.9424755590    0.1028581740   -0.4845128020
  1    2.2782989370   -0.4937376070    1.0401562810
  1    1.8241082250   -1.2649608460   -0.4848848060
  1    0.6640962210    0.8605433210   -1.2126001160
  1    1.1072085960    1.6233124040    0.3095350670
  1   -0.3313513770   -0.0638588440    1.5577959330
  1   -2.5979477090    0.3809943550    0.5817183220
  1   -1.8235019860    0.9509062660   -0.9882195550
