  8    0.0796147450   -0.1799863710    0.0728398090
  3   -0.2698176330    1.7328748010    0.6313940950
  3    2.0518770740    0.0297393660    0.2291077400
  6   -0.0219583320   -0.6137482420    1.6801787930
  6    0.3818454880   -1.7768404590   -0.3554490580
  6    0.1928155060    0.2761824240   -1.5281623380
  3   -1.8393009330   -0.6668175220   -0.1758212420
  6   -2.6539019150    0.0617266240    0.6432353910
  6   -2.2447688030   -0.4039192640   -1.4545456560
  3   -2.2649358970   -2.1584229010    0.0651593360
  6   -3.6148466580   -2.2219631000    0.0948537670
  6   -1.8600727730   -2.9660588300   -0.9226721530
  6   -1.8182018420   -2.6426666030    1.2301626110
  3    2.9671370120   -1.1438720760   -0.2480998620
  6    2.4717715530    1.1049873830   -0.5066174070
  6    2.4328694430    0.2510637810    1.5230310360
  6    4.2579392700   -0.7581456010   -0.1359528290
  6    2.7592920200   -1.4598379540   -1.5327447980
  6    2.8192436150   -2.2407351610    0.5055723770
  3   -0.7930257240    2.7540285930   -0.4237977500
  6   -1.1499404340    1.7744217090    1.6712240930
  6    0.8786849170    2.2995746380    1.1168872300
  6   -1.0742984900    3.9252698220    0.1820843030
  6   -1.9151561030    2.3258172800   -1.0175711500
  6    0.1247030310    2.9998286650   -1.3668754380
