  3    4.8852038340   -0.8009083490   -0.3905358330
  3    3.8181371790    0.1861406590    0.0904572330
  3    2.5363228880   -0.5088087810    0.5659560950
  3    1.4695900180    0.4343865560    1.1456985280
  3    0.8777405810    1.4642958350    0.1712188830
  3    0.0844472980    0.8912647360   -1.0074022760
  4   -1.1395043960    0.1754322730   -0.5882567470
  3   -1.2739213920   -1.1892544530   -0.4153566090
  3   -2.5491813590   -1.4183636930    0.0000739730
  4   -3.1760055580   -0.1892981390    0.0762417340
  3   -2.3040781370    0.7550452500   -0.2825247490
  3   -4.5696016800    0.0373237120    0.4714960160
  1    5.1734783890   -1.4934188440    0.4070244620
  1    4.5203627520   -1.4003068480   -1.2311037680
  1    5.7896361770   -0.2826219980   -0.7224114670
  1    4.2229108190    0.7923949230    0.9107979300
  1    3.5874842260    0.8871432800   -0.7194847610
  1    2.7996567330   -1.2383447130    1.3416873930
  1    2.1165496360   -1.0971292830   -0.2596106680
  1    1.9066731710    0.9856198730    1.9864810040
  1    0.6586007500   -0.1640771160    1.5767095270
  1    0.2296145220    2.1536653950    0.7223719460
  1    1.6724023670    2.0794411190   -0.2619609140
  1    0.6699096320    0.1825262190   -1.5914462190
  1   -0.2302608200    1.6904191080   -1.6782951280
  1   -0.4596041500   -1.8671595110   -0.6076202860
  1   -3.0630644220   -2.3335132450    0.2416260260
  1   -2.5107339420    1.8117833510   -0.3267810760
  1   -4.7197954770   -0.3317254890    1.4847922810
  1   -4.7744668420    1.1043099850    0.4341574260
  1   -5.2287392270   -0.4886739720   -0.2173161850
