  3   -1.7236250380   -0.7682161920    0.0292128400
  3   -0.4531588920    0.0043862880   -0.3453920440
  3   -0.5371031540    1.4677302760    0.1039892230
  3    0.7764571790   -0.7008149830    0.2380597400
  5    2.0202073740   -0.1124463060   -0.1620168340
  1   -2.6086494100   -0.3091686670   -0.4201342050
  1   -1.8719058070   -0.7797158900    1.1146038640
  1   -1.6768937470   -1.8069837410   -0.3121312260
  1   -0.3445871980   -0.0148531440   -1.4380149740
  1   -0.6138716870    1.5385971630    1.1950207130
  1    0.3404482580    2.0400585680   -0.2096509810
  1   -1.4151691880    1.9598204930   -0.3239865290
  1    0.8141166030   -1.7335804120   -0.1181141130
  1    0.7051420690   -0.7283126450    1.3343615520
  1    2.1342905470    0.7151963870    0.3189620160
