  3   -2.1268938440   -1.0256417780    0.0328466210
  3   -1.0365551210   -0.0102028030   -0.3337489540
  3   -1.4008954000    1.3847630560    0.1950666780
  3    0.3357199040   -0.4932298850    0.1706844530
  3    1.5282210710    0.3311307240   -0.3087577160
  5    2.7802048800   -0.2495095130    0.0852188340
  1   -1.9036355540   -2.0161416940   -0.3750477490
  1   -2.2178950610   -1.1261384540    1.1201853850
  1   -3.1025681680   -0.7158826070   -0.3539498040
  1   -0.9870406950    0.0457498390   -1.4302037970
  1   -2.3884708360    1.6911025960   -0.1631053540
  1   -0.6861457520    2.1484172290   -0.1217619550
  1   -1.4296304420    1.3894786400    1.2906354320
  1    0.4975187980   -1.5275979540   -0.1547875060
  1    0.3336324810   -0.5084494170    1.2697501920
  1    1.5536064150    0.3622126290   -1.4014626410
  1    1.4687381190    1.3643084610    0.0522048120
  1    2.8226719920   -0.2318990470    1.0492458270
