  3   -4.2516297760   -0.3868440180   -0.2956713270
  3   -2.9973754210   -0.3242991960    0.5785010550
  3   -1.7491651620    0.0859825510   -0.2166097630
  3   -0.5374579880    0.1694538560    0.7050020740
  4    0.7913722730    0.4430013600    0.0156634850
  3    1.1481990000   -0.6664803230   -0.9826383020
  3    2.6422151630   -0.8960987630   -0.8062266960
  3    2.8187034710   -0.7599627750    0.7097550530
  3    1.9286688640    0.4286301170    1.0656650680
  3    0.7661202470    1.7762838370   -0.6756127870
  1   -4.1333201410   -1.1106624080   -1.1080079220
  1   -5.1255610680   -0.6845126320    0.2901083740
  1   -4.4694325000    0.5861422140   -0.7468586850
  1   -2.8248104560   -1.3004714180    1.0459079450
  1   -3.1563009750    0.3863165800    1.3978592160
  1   -1.5773624410   -0.6418178700   -1.0155810040
  1   -1.9353290190    1.0513622200   -0.6948730620
  1   -0.6643745380    0.9671655480    1.4379172320
  1   -0.3975885690   -0.7688486380    1.2434605430
  1    0.5865310300   -1.5519412510   -0.6891391120
  1    0.8366344650   -0.3575912320   -1.9771393920
  1    2.9330792580   -1.8760675580   -1.1868401410
  1    3.2230279730   -0.1388424010   -1.3395166800
  1    2.4729650720   -1.6650890720    1.2154992440
  1    3.8511850420   -0.5766115800    1.0096195270
  1    2.4583009840    1.3737783900    0.9701063150
  1    1.4793091220    0.3758328600    2.0537527070
  1    0.5663741280    2.5469714040    0.0665935980
  1   -0.0079073790    1.7754997540   -1.4374620350
  1    1.7353037120    1.9483858570   -1.1380373200
