  3   -6.9192295490   -0.6328293220    0.6718773340
  3   -6.0431509750   -0.4241190950   -0.5677164440
  3   -4.6599266520   -1.0905047120   -0.4863543270
  3   -3.7336413430   -0.5792944070    0.6310478980
  3   -3.3682376660    0.9139335240    0.5671958390
  3   -2.6380372090    1.3710228830   -0.7080889500
  3   -1.2979136650    0.6776475280   -1.0016155430
  3   -0.2163383790    0.9106695750    0.0599396780
  3    1.1244756060    0.2660077040   -0.3248817820
  3    2.1435873390    0.4786112000    0.7898719360
  4    3.5738344480    0.0312872720    0.5173720970
  3    4.2557496120    0.8373124670   -0.5771978180
  3    5.4414981310   -0.0236325180   -1.0331616090
  3    5.0926624040   -1.4778620490   -0.6085419140
  3    3.6942049270   -1.3956774330    0.0104534210
  3    4.3439384330    0.1819527310    1.8020302060
  1   -6.4847808970   -0.1716862590    1.5633093570
  1   -7.9125335080   -0.1965291280    0.5302065290
  1   -7.0537583710   -1.6988286490    0.8849156780
  1   -6.5659736860   -0.8260301470   -1.4437227270
  1   -5.9298019040    0.6495662020   -0.7570794700
  1   -4.1587818780   -0.9779290770   -1.4547756580
  1   -4.7999687370   -2.1706196890   -0.3490527690
  1   -2.8161794460   -1.1792169530    0.6172952440
  1   -4.1949934470   -0.7779508460    1.6052697380
  1   -2.7563809060    1.1554894840    1.4439701040
  1   -4.2778257390    1.5163589160    0.6739128740
  1   -2.4665577390    2.4527456100   -0.6381831800
  1   -3.2961517430    1.2317897400   -1.5732876600
  1   -1.4533905500   -0.4003789620   -1.1271005150
  1   -0.9266287470    1.0404017380   -1.9680325610
  1   -0.0742131400    1.9886167380    0.2060138040
  1   -0.5441310510    0.5086914120    1.0248750500
  1    0.9639545730   -0.8011105120   -0.4991875180
  1    1.4700209880    0.6994866580   -1.2674876400
  1    2.2223819460    1.5367628220    1.0441807280
  1    1.8349804060   -0.0596606940    1.6866744340
  1    3.5302527700    0.9676511570   -1.3759202900
  1    4.5206241370    1.8128702010   -0.1743645150
  1    6.3699412270    0.3067348220   -0.5668484660
  1    5.5677370420    0.0668183560   -2.1118883850
  1    5.8193423240   -1.8606292330    0.1086844760
  1    5.0809804180   -2.1621235700   -1.4567971510
  1    3.5084568910   -2.0790374270    0.8366284250
  1    2.9252653790   -1.5297793980   -0.7455634310
  1    4.2691890830    1.2175467580    2.1262003170
  1    5.3861019340   -0.0784529990    1.6395337790
  1    3.9081351560   -0.4800064280    2.5468691710
