  3   -2.4242634860   -0.0000000850    0.0083723040
  3   -0.9143289090   -0.0000002060   -0.0109554700
  3   -0.1945413350   -1.2017878770   -0.0084202900
  3    1.2005519610   -1.2047083830    0.0020204730
  3    1.9045428720    0.0000001340    0.0080410600
  3    1.2005516140    1.2047085740    0.0020204760
  3   -0.1945415650    1.2017877400   -0.0084202910
  1   -2.8048004100    0.0000101240    1.0358480700
  1   -2.8313718790   -0.8849134880   -0.4867710750
  1   -2.8313719760    0.8849036730   -0.4867883420
  1   -0.7325738500   -2.1458553230   -0.0172079850
  1    1.7374356990   -2.1485026320    0.0014847060
  1    2.9899946540    0.0000003010    0.0132083400
  1    1.7374351840    2.1485029180    0.0014847060
  1   -0.7325743440    2.1458550480   -0.0172079990
