  3    1.5094274390    0.0942683540   -0.1501621040
  3    0.1535737430   -0.0292267160    0.4891627470
  3   -1.0370438980    0.6229537480   -0.0632820510
  5   -0.8341247700   -0.7952068940   -0.2371487580
  1    2.0750450510   -0.8359627750   -0.0419577190
  1    1.4192753550    0.3232426180   -1.2147806840
  1    2.0839450300    0.8929631810    0.3285075240
  1    0.1509885940   -0.2459024160    1.5562615500
  1   -1.8645568580    0.8896489480    0.5891740570
  1   -0.9474427140    1.2096932840   -0.9743262110
