  3    3.6917641510   -1.0297258380   -0.3218387660
  4    2.4679476810   -0.2490483390   -0.1142506030
  3    2.3053006410    1.0911906750   -0.4129603110
  3    1.0349898150    1.4265004230   -0.0628320750
  4    0.4404885600    0.2868150230    0.4479800100
  3    1.3290311240   -0.7113410160    0.4021282080
  3   -0.9466551020    0.1753676110    0.9157532480
  3   -1.9126342760   -0.0494629300   -0.2449700180
  5   -3.2033067970   -0.1416593390    0.3247611500
  3   -4.2160389380   -0.3644707540   -0.6492843870
  1    3.5152309820   -2.0493657560    0.0105914540
  1    4.5018322130   -0.5878565180    0.2561036680
  1    3.9445573400   -1.0247878790   -1.3808686850
  1    3.1019598310    1.6786074840   -0.8374407540
  1    0.5062427300    2.3629393680   -0.1228364270
  1    1.1544581920   -1.7216382260    0.7340920100
  1   -1.1941266490    1.0940832240    1.4466074270
  1   -0.9999726610   -0.6549012730    1.6185477360
  1   -1.6531568010   -0.9736138040   -0.7795609920
  1   -1.8585362280    0.7849456330   -0.9575075970
  1   -4.2572195110    0.4591660300   -1.3723833660
  1   -4.0443007860   -1.3032196060   -1.1899035430
  1   -5.1641124480   -0.4237997820   -0.1156113840
