  3   -3.3891068140    0.5598598430   -0.0566136440
  5   -2.1746750400   -0.0888594730   -0.4175204430
  3   -1.5282655650   -0.6795381240    0.6974002970
  3   -0.2851743290   -1.4324661800    0.2598903840
  4    0.9499371750   -0.6147824660   -0.0916536240
  3    0.6783734070    0.4594851640   -1.1681063270
  3    0.7624376780    1.7938664850   -0.4396951700
  3    1.8426298650    1.5404322010    0.6185778980
  3    1.5020757250    0.1448604710    1.1282276080
  3    1.9882797480   -1.5759888290   -0.6004496260
  1   -3.2066050970    1.3722623210    0.6567081930
  1   -4.0962474970   -0.1512089700    0.3873051350
  1   -3.8154808000    0.9706975830   -0.9709174210
  1   -1.3155515210    0.0772575290    1.4621354310
  1   -2.1878881220   -1.4258677680    1.1609385070
  1    0.0248717990   -2.1015358520    1.0624126140
  1   -0.5161061870   -2.0329041900   -0.6201297690
  1   -0.2790949360    0.2477734450   -1.6303656140
  1    1.4719329440    0.3650601660   -1.9068426530
  1   -0.1927070830    2.0400692220    0.0309183550
  1    1.0188559830    2.5990992590   -1.1294761030
  1    2.8369835540    1.5565568280    0.1646947860
  1    1.8285906650    2.2667468390    1.4321842440
  1    0.7174717280    0.1808870650    1.8793927830
  1    2.3413393110   -0.4190521770    1.5281103100
  1    1.6288271850   -2.0175312890   -1.5278084050
  1    2.9105146320   -1.0280281720   -0.7806855120
  1    2.1506352450   -2.3489949780    0.1477755180
