  3    4.5807536630    0.6966589140   -0.4343508000
  3    3.5872548700    0.4767043770    0.7109879390
  3    2.9191404910   -0.9078016610    0.7139211570
  3    2.0610481890   -1.2421592380   -0.5189926120
  3    0.8758080860   -0.2980715340   -0.7949105920
  3   -0.1380065580   -0.3207693390    0.3456534680
  4   -1.4539551510    0.3866403640    0.0537939510
  3   -2.1965479870   -0.2615144740   -1.1229046090
  3   -3.6624994240   -0.2658449830   -0.7147944630
  3   -3.5861110770   -0.5985524750    0.7787584780
  3   -2.4027872780    0.2334659250    1.2676717920
  3   -1.2195907830    1.8452224420   -0.2184739930
  1    4.0922880770    0.6689043700   -1.4124298630
  1    5.3603707870   -0.0725731250   -0.4332609270
  1    5.0749758910    1.6684269090   -0.3442722470
  1    4.1106130700    0.6031122980    1.6657674340
  1    2.8229252480    1.2623430640    0.6873221200
  1    3.6997297630   -1.6741934510    0.7968734570
  1    2.3131353850   -1.0055624210    1.6221558030
  1    2.6921006740   -1.2509013870   -1.4131120630
  1    1.6795678090   -2.2643972810   -0.4125910020
  1    1.2432981710    0.7175842030   -0.9585964430
  1    0.3996338970   -0.6144088700   -1.7271560350
  1    0.2600112850    0.1564985880    1.2407007270
  1   -0.4100473830   -1.3469871980    0.5988097150
  1   -1.8205948960   -1.2795241220   -1.2148849390
  1   -1.9658784990    0.2896137470   -2.0309916100
  1   -4.1190921660    0.7142690910   -0.8767314970
  1   -4.2250791880   -1.0012152150   -1.2914302370
  1   -3.3925094870   -1.6647433570    0.9212885190
  1   -4.4943114310   -0.3421796560    1.3256182360
  1   -2.7065051600    1.2361849320    1.5601587190
  1   -1.8433074410   -0.2157613570    2.0839721980
  1   -2.1786224780    2.3258449980   -0.3973167780
  1   -0.5864793150    1.9524124990   -1.0946201190
  1   -0.7393097140    2.2867424720    0.6527745880
