  3    5.9372450240    0.0290814770   -0.9360503920
  3    4.8391289970    0.1116574690    0.1279355490
  3    3.6926867830   -0.8758895160   -0.1208388320
  3    2.6117449840   -0.8981111020    0.9720864150
  3    1.8359471810    0.4145550920    1.1824965100
  3    1.0700444790    0.9456403450   -0.0415098890
  3   -0.0399002400    0.0236435980   -0.5783394230
  3   -1.2383590910   -0.1641037260    0.3685057650
  4   -2.5278878340    0.5415158580   -0.0513972150
  3   -3.6162741960    0.2331959750    0.9695882880
  3   -4.1332584370   -1.1636542550    0.6094239570
  3   -3.7772399020   -1.3600153810   -0.8897056530
  3   -3.1123537720   -0.0513532900   -1.3239651610
  3   -2.3079209440    2.0165122890   -0.1698101970
  1    5.5403976120    0.2484548500   -1.9328056980
  1    6.7433389900    0.7416754200   -0.7375045690
  1    6.3806952060   -0.9714419200   -0.9718064020
  1    5.2728809680   -0.0827582600    1.1172871730
  1    4.4502265860    1.1354342620    0.1639019990
  1    3.2376601420   -0.6613581930   -1.0958146590
  1    4.1128313850   -1.8860801600   -0.2069911060
  1    1.9068493520   -1.7081281140    0.7511047190
  1    3.0818587050   -1.1706881380    1.9254132150
  1    1.1406935250    0.2715758860    2.0186255280
  1    2.5268873070    1.1973612230    1.5137763380
  1    0.6417979480    1.9216229680    0.2117925400
  1    1.7742881910    1.1339457180   -0.8583278590
  1   -0.3707701630    0.4011502930   -1.5487337600
  1    0.3739257890   -0.9650022650   -0.7895427960
  1   -1.4958992490   -1.2155511860    0.4721004820
  1   -1.0235064020    0.2188371550    1.3657077200
  1   -3.1978525880    0.3309712580    1.9691174700
  1   -4.3852712530    0.9917814020    0.8305780930
  1   -3.6643045880   -1.9301773080    1.2269426540
  1   -5.2076366740   -1.2138583100    0.7860993170
  1   -3.1021258420   -2.2059023340   -1.0238561990
  1   -4.6590965530   -1.5466197260   -1.5025324780
  1   -2.3304602470   -0.1586248190   -2.0708211920
  1   -3.8442693780    0.6712575870   -1.6826869640
  1   -1.5851565330    2.2135122450   -0.9570402820
  1   -3.2553064360    2.4909310150   -0.4154721590
  1   -1.9364061520    2.3901145920    0.7823677670
