  3   -4.4166450430    0.6609004940   -0.3290783380
  3   -3.7917115730   -0.7353469470   -0.2464294170
  3   -2.4859432410   -0.8046921700    0.5590182240
  3   -1.3161568470   -0.0409403400   -0.0821279780
  3   -0.0599690440   -0.2072985690    0.7658401190
  4    1.2101893480    0.3970871290    0.1846221840
  3    2.4033700010    0.0746619320    1.1154103410
  3    3.3276826130   -0.8402815190    0.3157588780
  3    3.0793244090   -0.4151113880   -1.1352031580
  3    1.5686687770   -0.2348584050   -1.1676261990
  3    1.0762473320    1.8863393350    0.0452335640
  1   -5.3739463740    0.6299306390   -0.8573477690
  1   -3.7749017480    1.3689499400   -0.8606207810
  1   -4.6031914540    1.0684038790    0.6700976590
  1   -4.5129038350   -1.4207065650    0.2128416070
  1   -3.6119602640   -1.1190208610   -1.2582999120
  1   -2.1993949360   -1.8560510870    0.6777044880
  1   -2.6632328940   -0.4177042990    1.5703848020
  1   -1.1509225960   -0.4240675240   -1.0939671040
  1   -1.5738413940    1.0160608790   -0.1749364250
  1    0.1648195160   -1.2640079930    0.9173132890
  1   -0.1893917500    0.2568676310    1.7445003060
  1    2.8820818250    1.0212659700    1.3558214940
  1    2.0134694810   -0.3642996470    2.0300229140
  1    4.3646673250   -0.7170743150    0.6305762310
  1    3.0511028150   -1.8881062220    0.4579010180
  1    3.3981061210   -1.1621320560   -1.8632824210
  1    3.5931719110    0.5225402220   -1.3633273580
  1    1.1889465340    0.4001029980   -1.9641806090
  1    1.0685532250   -1.2010075540   -1.2105068960
  1    2.0082238080    2.2847459780   -0.3494169630
  1    0.8775373640    2.3098077340    1.0280711300
  1    0.2624775730    2.1156578120   -0.6364802060
