  3    3.5271253230    1.8271042030   -0.0000480920
  4    2.7216878640    0.6018488020   -0.0000226590
  3    3.2177902200   -0.6880513820    0.0000115650
  3    2.1483698770   -1.5276802110    0.0000144630
  4    1.0165716330   -0.7344483980   -0.0000043820
  3    1.3878463830    0.5482000130   -0.0000311590
  3   -0.3690475870   -1.2318783450   -0.0000119240
  5   -1.2000373760   -0.1145793430    0.0002211990
  3   -2.5971051340   -0.4591665310   -0.0001161130
  3   -3.4056045030    0.8260210430    0.0001895350
  3   -4.9119438440    0.5548481470   -0.0001303030
  1    4.1514938790    1.8463977590   -0.8918893790
  1    2.8592145110    2.6847404570   -0.0000106250
  1    4.1515695370    1.8463812140    0.8917402370
  1    4.2755965090   -0.8907615220    0.0000269410
  1    2.0904095600   -2.6032390530    0.0000361940
  1    0.7247827700    1.3947154600   -0.0000523750
  1   -0.5042820410   -1.8484304490    0.8951119980
  1   -0.5043923050   -1.8481324360   -0.8953244710
  1   -2.8177724350   -1.0640788590    0.8883432370
  1   -2.8174866320   -1.0634830000   -0.8890521540
  1   -3.1283562290    1.4160989220   -0.8795846490
  1   -3.1286247610    1.4155114290    0.8804418870
  1   -5.2151222110   -0.0147139880    0.8834985120
  1   -5.2148519120   -0.0141356100   -0.8842243670
  1   -5.4742801270    1.4915799750    0.0000908870
