  3    2.7650636440    1.1163753290   -0.0614532900
  3    2.3938831310   -0.3573753530   -0.2520834170
  3    1.0028652060   -0.6778587110   -0.7978000250
  4   -0.2011991940   -0.4439246370    0.1117347050
  3   -1.4797653030   -0.9361972140   -0.6157258260
  3   -2.4065269580    0.2742550090   -0.7297216040
  3   -1.9711448850    1.1837435340    0.4238294970
  3   -0.4569671390    1.0391448100    0.4011103670
  3   -0.0424730340   -1.1986194400    1.4007223730
  1    3.8386880100    1.2030607210    0.1237004710
  1    2.2541800370    1.5759205430    0.7861914550
  1    2.5345984760    1.7043526770   -0.9546210640
  1    2.5859843380   -0.9219758690    0.6640189290
  1    3.0680332040   -0.7898784280   -0.9996568500
  1    0.9579460980   -1.7379356050   -1.0483311720
  1    0.7977031950   -0.1057577020   -1.7038762030
  1   -1.9050507160   -1.7279565870   -0.0035960630
  1   -1.1838472920   -1.3547712110   -1.5737010980
  1   -3.4524520850   -0.0283248580   -0.6672122280
  1   -2.2561811500    0.7799949850   -1.6866117590
  1   -2.2646099170    2.2247476270    0.2822146540
  1   -2.3856337670    0.8422748180    1.3760117490
  1   -0.0292820750    1.6040064000   -0.4251000980
  1    0.0472969330    1.3099618380    1.3246522260
  1    0.0954779310   -2.2534298770    1.1707156370
  1   -0.9411030200   -1.0645540110    1.9980524270
  1    0.8170381790   -0.8130707890    1.9417375980
