  3   -2.5288692280   -1.0321876460   -0.0076853950
  3   -1.2247957100   -0.2704518970    0.0122721420
  3   -1.2096416770    1.1294200470    0.0157263620
  3   -0.0000001960    1.8228017430    0.0000000000
  3    1.2096415690    1.1294202340   -0.0157263600
  3    1.2247959140   -0.2704515480   -0.0122721450
  3    0.0000001050   -0.9482034640    0.0000000000
  3    2.5288693180   -1.0321875000    0.0076853950
  1   -2.8623204470   -1.2160392130   -1.0351293350
  1   -2.4327453880   -2.0055829780    0.4794636040
  1   -3.3245861880   -0.4771655730    0.4952354080
  1   -2.1474848310    1.6778632760    0.0290076940
  1   -0.0000002880    2.9087930580    0.0000000000
  1    2.1474845820    1.6778636840   -0.0290076950
  1    0.0000002280   -2.0359038190   -0.0000000140
  1    3.3245907990   -0.4771574870   -0.4952193870
  1    2.4327500320   -2.0055752380   -0.4794797880
  1    2.8623109240   -1.2160555310    1.0351295120
