  3   -4.7446551550    2.4423922760    0.1653192630
  3   -5.4654393790    1.0900840620    0.1625540460
  3   -4.6631666200   -0.0597154000   -0.4656714400
  3   -3.3956657120   -0.4548063430    0.3026138600
  3   -2.6738575930   -1.6585127950   -0.3158024840
  3   -1.4491736000   -2.1495354620    0.4738951300
  3   -0.2742839040   -1.1635641130    0.5950835420
  3    0.3830396710   -0.8102121270   -0.7456173160
  3    1.5508673730    0.1899462080   -0.6529592470
  3    2.7462442750   -0.4118545700    0.0792608280
  4    4.0227832780    0.4290662160    0.0775925600
  3    3.7852832930    1.7743948250    0.7037066150
  3    5.0544891280   -0.3076885730    0.8890098830
  3    4.5517039390    0.6118065490   -1.3177092130
  1   -3.8338544320    2.4207373570    0.7699402420
  1   -5.3867066480    3.2300540590    0.5708524630
  1   -4.4599515980    2.7386025870   -0.8500533800
  1   -6.4114805200    1.1944489380   -0.3817916250
  1   -5.7379699770    0.8192424010    1.1906610730
  1   -4.3935833450    0.2105617660   -1.4957608760
  1   -5.3145894270   -0.9392914430   -0.5454627180
  1   -2.7128337750    0.3998199630    0.3520534180
  1   -3.6637825040   -0.6908012500    1.3418149510
  1   -3.3837537850   -2.4916274440   -0.3944151510
  1   -2.3864654940   -1.4183626780   -1.3466459000
  1   -1.0812271250   -3.0747119120    0.0121790220
  1   -1.7740508950   -2.4276617890    1.4843842400
  1   -0.6047953240   -0.2413048460    1.0877142400
  1    0.4680331130   -1.6109235270    1.2655207580
  1    0.7299637810   -1.7277291490   -1.2377400300
  1   -0.3634875900   -0.3719404310   -1.4145974700
  1    1.2071412190    1.0964535140   -0.1468486490
  1    1.8339258130    0.4758019960   -1.6687974410
  1    2.5206219030   -0.5812795640    1.1312974350
  1    3.0297621050   -1.3656818570   -0.3678982540
  1    4.7385445620    2.2944550200    0.7657513400
  1    3.0952216910    2.3425812360    0.0870165360
  1    3.3710931300    1.6272453940    1.6989497980
  1    5.2240321090   -1.2816960030    0.4353759960
  1    5.9751760840    0.2714873590    0.8899054170
  1    4.6822726840   -0.4238899120    1.9043362040
  1    4.6903829320   -0.3690416080   -1.7674983270
  1    5.5029928700    1.1355655960   -1.2560722270
  1    3.8475712000    1.1990154950   -1.8994198010
