  3   -0.0000579680    2.2152491120   -0.2335940240
  3   -0.0000106310    0.9947612370    0.6884198050
  4    0.0000100150   -0.2926018840   -0.0398074350
  3   -1.2154902010   -1.0796607360    0.2040978270
  3   -2.4691526110   -0.4564962210   -0.4075612010
  3    1.2155318440   -1.0796255810    0.2041044360
  3    2.4691745390   -0.4564338510   -0.4075675220
  1    0.8831959240    2.2213412490   -0.8778962740
  1   -0.0000715210    3.1419034650    0.3504107770
  1   -0.8833331890    2.2212974520   -0.8778671810
  1   -0.8728353380    1.0407683740    1.3502271120
  1    0.8728373670    1.0408136090    1.3501920330
  1   -1.3770823140   -1.2450001740    1.2857159090
  1   -1.0643838060   -2.0669769930   -0.2412833740
  1   -2.3470391770   -0.3269051070   -1.4867329690
  1   -2.6985779290    0.5203667250    0.0258629200
  1   -3.3340092360   -1.1039654610   -0.2354665890
  1    1.0644507720   -2.0669512690   -0.2412642970
  1    1.3771316770   -1.2449479320    1.2857238040
  1    3.3340516520   -1.1038732680   -0.2354634830
  1    2.6985705650    0.5204439310    0.0258389560
  1    2.3470546150   -0.3268651710   -1.4867412270
