  3    1.5039955940    3.9370908080   -0.4047157700
  3    1.2971957160    2.7660711660    0.5582220960
  3    0.5344441660    1.6024701210   -0.0918033550
  3    0.3255687070    0.4781366940    0.9169290840
  4   -0.3174552050   -0.7932436810    0.3754285490
  3   -0.5769198490   -1.7166244810    1.5352726070
  3   -1.6378566050   -0.5051721840   -0.3438596510
  3   -2.7096326540    0.2118576790    0.4724702520
  3   -3.9626387330    0.4925328900   -0.3785052240
  3   -4.7525593420   -0.7545918360   -0.7884354990
  3    0.5733845420   -1.5128082160   -0.6485607760
  3    1.9981357860   -1.8929036300   -0.2190778570
  3    3.1120460110   -0.9148336130   -0.6191215050
  3    4.5018063980   -1.4739562200   -0.3056704320
  1    0.5472156370    4.3379962930   -0.7533559330
  1    2.0760434300    3.6297153390   -1.2856625740
  1    2.0497951860    4.7522844930    0.0780480930
  1    0.7497388520    3.1101173780    1.4433036970
  1    2.2690723300    2.4081112530    0.9165681750
  1    1.0923112300    1.2509138920   -0.9635671600
  1   -0.4274401660    1.9710675710   -0.4583525770
  1    1.2700176150    0.1659490890    1.3610102890
  1   -0.3125160190    0.8154645710    1.7326351460
  1   -1.0508167310   -2.6216836220    1.1606746850
  1    0.3636091940   -1.9599383750    2.0198240180
  1   -1.2271061600   -1.2204634510    2.2492092760
  1   -1.9904461190   -1.4781775190   -0.6827389990
  1   -1.3806384270    0.0790206600   -1.2261300780
  1   -2.3285591600    1.1646941490    0.8475120190
  1   -3.0011047930   -0.3825444830    1.3424901550
  1   -3.6766977810    1.0626510090   -1.2700858730
  1   -4.6140855690    1.1505175240    0.2052783440
  1   -5.6691104000   -0.4745252300   -1.3149438870
  1   -4.1833370760   -1.4082098520   -1.4549432410
  1   -5.0407883660   -1.3432128510    0.0883977720
  1    0.5932407840   -0.8798816630   -1.5344122950
  1    0.0086485870   -2.4084826790   -0.9019073410
  1    2.0529371900   -2.1020835920    0.8526802500
  1    2.2022995630   -2.8533274540   -0.7039324040
  1    2.9902378260    0.0451126990   -0.1095069630
  1    3.0338012700   -0.7053781490   -1.6920927360
  1    5.2859984590   -0.7736409000   -0.6057508630
  1    4.6778625810   -2.4171008490   -0.8325992100
  1    4.6201850370   -1.6658745500    0.7654865540
