  3    4.1798692010    0.5795579280   -0.1688990190
  3    3.1750545230   -0.4549868890   -0.6860650070
  3    2.1708696200   -0.9484192350    0.3685075700
  3    1.2410003440    0.1207710960    0.9687409360
  3    0.3019605590    0.8223445310   -0.0306835600
  3   -0.7625901930   -0.0639440650   -0.6943550920
  4   -2.1655850700   -0.0238459680   -0.0808731390
  3   -3.0082369990   -1.0395111380   -0.8053366190
  3   -2.7959851250    1.3292097530   -0.2638695240
  3   -2.1383755750   -0.3732202480    1.3800808810
  1    3.6922144500    1.5101476350    0.1346983160
  1    4.7287761980    0.1970821870    0.6982883930
  1    4.9139631880    0.8329425140   -0.9393441310
  1    3.7234824980   -1.3255316260   -1.0640339560
  1    2.6412728520   -0.0449335040   -1.5512522410
  1    1.5725593040   -1.7572108560   -0.0677207410
  1    2.7282070460   -1.4092880650    1.1934767100
  1    0.6574183830   -0.3404286880    1.7713239450
  1    1.8442409600    0.8955151610    1.4529708360
  1   -0.1615193740    1.6838668520    0.4561692600
  1    0.8967199150    1.2512362740   -0.8412892940
  1   -0.9129047680    0.2191832840   -1.7352451020
  1   -0.4751488790   -1.1146708580   -0.6746893750
  1   -2.5744651780   -2.0252024340   -0.6542275180
  1   -3.0219924190   -0.7917190440   -1.8644521030
  1   -4.0167982930   -1.0064001600   -0.3994760590
  1   -2.8208379920    1.5598567580   -1.3265219340
  1   -2.2179468440    2.0770651420    0.2706867220
  1   -3.8065597490    1.2917037090    0.1366856430
  1   -1.5859526650    0.3881179050    1.9230080580
  1   -1.6633301470   -1.3447356030    1.4964102110
  1   -3.1637011230   -0.4104852010    1.7419229330
