  3    5.8383362200   -0.8806047770    0.1154583470
  3    4.3283654020   -1.0049217230   -0.1042901140
  3    3.5852295970    0.3283027180    0.0320613310
  3    2.0721179200    0.2131290370   -0.1825185080
  3    1.3417206050    1.5566050460   -0.0623292450
  3   -0.1686108720    1.4971361940   -0.3331249110
  3   -0.9617761140    0.7470017960    0.7487977310
  3   -2.4863037580    0.8058247790    0.5758154540
  4   -3.1567221610   -0.4275246440   -0.0338274080
  3   -2.5555226970   -0.7832805110   -1.3637548510
  3   -3.0542617560   -1.6036781950    0.8978393450
  3   -4.6133344140   -0.1038309300   -0.2329702810
  1    6.2888128680   -0.1921465290   -0.6070693680
  1    6.3404107900   -1.8467716150    0.0087027300
  1    6.0631512280   -0.4997846250    1.1171363060
  1    3.9133552810   -1.7251883060    0.6119077490
  1    4.1377090810   -1.4239856140   -1.1002792410
  1    3.9999701950    1.0474989190   -0.6868449190
  1    3.7791260270    0.7493821890    1.0276704810
  1    1.8784188190   -0.2121478130   -1.1763694970
  1    1.6646917300   -0.5041106770    0.5400697850
  1    1.5127634510    1.9777699310    0.9372721640
  1    1.7913001640    2.2646553440   -0.7689828780
  1   -0.5569898330    2.5203886920   -0.3940576740
  1   -0.3416878080    1.0476286540   -1.3172113040
  1   -0.7402368310    1.2049149310    1.7179704740
  1   -0.6155957710   -0.2852781330    0.8366751860
  1   -2.7722074890    1.6377061780   -0.0685698610
  1   -2.9849917650    0.9390712000    1.5347630700
  1   -1.5171702350   -1.0707448540   -1.2253294840
  1   -3.1159424080   -1.6175522820   -1.7797853650
  1   -2.6266032980    0.0814874180   -2.0196030300
  1   -3.5134586640   -1.3338008670    1.8462776450
  1   -2.0098893670   -1.8623924130    1.0447534340
  1   -3.5816030310   -2.4430716410    0.4498279090
  1   -5.1106530930   -0.9814689280   -0.6402220400
  1   -4.6944565850    0.7295981160   -0.9266688380
  1   -5.0469291220    0.1609146280    0.7288526280
