  3   -1.6178543770    0.6524000030   -0.2537175750
  3   -0.1204466340    0.7314978480    0.2337257220
  3    0.8362710790   -0.4281767430   -0.1739885990
  6    0.6233926140   -0.7462861810   -1.4745040850
  6    0.5211568290   -1.5107400180    0.5792043790
  9    2.7022558770   -0.0851671370    0.0392942510
  5    2.8158904460    0.4897242960    1.3954268430
  5    3.2747146570   -1.4396749170   -0.1090704600
  5    3.0285701920    0.8421034830   -1.0625731050
  6   -0.1382613380    0.8275252970    1.5819148900
  6    0.3566824250    1.8953590940   -0.2694695490
  3   -2.4533214940   -0.6147301230    0.1190843900
  6   -2.3869570620   -0.8651348690    1.4303965350
  6   -3.7312948330   -0.4003009200   -0.2115444210
  6   -2.0167334110   -1.6852543250   -0.5517832480
  6   -1.6521533010    0.7863254400   -1.5966236930
  6   -2.2488750170    1.7184515230    0.2935649830
