  3   -2.6540862730   -0.1285778050    0.0159000700
  3   -1.2459996980    0.3467393100   -0.3502834560
  3   -0.1919065460   -0.4617355370    0.3983970000
  4    1.2074308310   -0.0142877880    0.0513756630
  5    2.0219985500   -0.8685014340   -0.2697567710
  5    1.4598628590    1.1812391330    0.1227272610
  1   -3.4043678950    0.4511421900   -0.5266562810
  1   -2.7989592230   -1.1826878420   -0.2367617720
  1   -2.8479189170   -0.0093172700    1.0857796860
  1   -1.1280198580    1.4041273030   -0.1052098830
  1   -1.0807589970    0.2408965470   -1.4269789440
  1   -0.2256950110   -1.5226723450    0.1634479160
  1   -0.2692320850   -0.3219314560    1.4789040390
