  6   -1.5076824700   -1.8214633790    0.1122756690
  3   -2.2346494490   -0.7488596660   -0.2052032850
  6   -3.3842256920   -0.7897749150    0.4772406860
  6   -2.5065963690   -0.7776000170   -1.5111362270
  9   -1.3198263110    0.8434821440    0.2530801050
  5   -1.0549345370    0.7393818360    1.6921537220
  5   -2.2146397580    1.9106495050   -0.2026691020
  4   -0.0471100640    0.7214491170   -0.7319025660
  9    1.4961532620    0.8534439680   -0.3165503700
  3    2.0483033400   -0.8912927900    0.1786948890
  6    1.4328124260   -1.2824994430    1.2972322530
  6    3.3686911830   -0.8879197750    0.3917747570
  6    1.7715308490   -1.7616750640   -0.7954785760
  5    1.7675615910    1.6740777680    0.8675895280
  5    2.2589935200    1.1169341970   -1.5382347070
