  3    5.1958342640    1.5822497400    1.0014409230
  3    4.4419392170    1.6607790450   -0.3303689730
  3    3.8674341680    0.3217892360   -0.8170347880
  3    2.7540988770   -0.2591041350    0.0639868210
  3    2.1654466950   -1.5563831490   -0.5039632940
  3    1.1224074940   -2.2395764090    0.3957099510
  3   -0.1570567560   -1.4377358670    0.6820398700
  3   -0.9723349770   -1.1552335850   -0.5818738020
  4   -2.2487121170   -0.4815262950   -0.2754409670
  3   -3.3836650680   -1.0874279610    0.2302836920
  3   -4.3156083040   -0.1116396250    0.4026801170
  4   -3.7356257820    1.0774310550    0.0030506960
  3   -2.4882174550    0.8262976150   -0.4002847590
  3   -4.3853746120    2.3914172960    0.0133503860
  1    4.5429804200    1.2818839070    1.8255766910
  1    5.6303880150    2.5509216230    1.2657584900
  1    6.0145799870    0.8566522860    0.9476143190
  1    5.1204753610    2.0496610000   -1.0987850830
  1    3.6288755940    2.3933809910   -0.2478633450
  1    4.6820417170   -0.4102337170   -0.9010257080
  1    3.4765463550    0.4562329760   -1.8336640220
  1    1.9646529770    0.4941681160    0.1782772230
  1    3.1363409900   -0.4552080850    1.0730070140
  1    1.7390308960   -1.3588303630   -1.4952492330
  1    2.9816204730   -2.2696810620   -0.6721690150
  1    1.5886065540   -2.4811079950    1.3578192710
  1    0.8407037690   -3.1999480410   -0.0527220140
  1    0.0793564370   -0.4888711900    1.1731187170
  1   -0.7785169470   -2.0062176210    1.3813091290
  1   -0.4371578640   -0.5086464360   -1.2757681670
  1   -1.2192333050   -2.0794567690   -1.1068422350
  1   -3.4271848970   -2.1477075820    0.4145087240
  1   -5.3293040870   -0.1548139350    0.7641120760
  1   -1.7901964060    1.5588169440   -0.7708212840
  1   -5.2703809620    2.3599646120   -0.6201993360
  1   -4.6676499180    2.6449462030    1.0340058970
  1   -3.6856311250    3.1301676060   -0.3690630610
