  3    6.1162180310   -0.3413390530   -0.2301314880
  3    5.0673119530   -0.0440825810    0.8464538360
  3    3.7744860320   -0.8662192630    0.7169917450
  3    2.9668156440   -0.6478338300   -0.5743323630
  3    2.4670345810    0.7867458160   -0.8165240940
  3    1.5339205370    1.3638209050    0.2629684610
  3    0.2353298620    0.5834590320    0.5201190490
  3   -0.6787882650    0.5277460090   -0.7071241650
  4   -1.9536669370   -0.1518319160   -0.4137921900
  3   -2.1330300170   -1.5230259720   -0.4129203870
  3   -3.4205322500   -1.7560850560   -0.0544496840
  4   -4.0113209540   -0.5239927170    0.1618585770
  3   -3.1051132860    0.4453123550   -0.0583612050
  3   -3.3338629280    1.9088940970    0.0479764760
  3   -5.4097102830   -0.3219974180    0.5576455090
  1    5.7641800510   -0.0737577680   -1.2303680990
  1    7.0374685890    0.2199513700   -0.0477716250
  1    6.3750503770   -1.4055525650   -0.2458371140
  1    5.5030201940   -0.2452254430    1.8322659340
  1    4.8318268060    1.0264569500    0.8398104780
  1    4.0293090940   -1.9316881310    0.7851606580
  1    3.1379339910   -0.6582941790    1.5849346190
  1    3.5714084970   -0.9483116370   -1.4375185020
  1    2.1130411110   -1.3356363890   -0.5660228180
  1    1.9648188480    0.8170545550   -1.7904687890
  1    3.3251752280    1.4610043730   -0.9144201020
  1    2.0734194100    1.4373589230    1.2127857660
  1    1.2769438010    2.3936279170   -0.0132425920
  1    0.4569344910   -0.4369696760    0.8476746240
  1   -0.3104955830    1.0625651880    1.3394059240
  1   -0.9139304230    1.5290948330   -1.0677535530
  1   -0.2202126420   -0.0190080270   -1.5303134380
  1   -1.3347434550   -2.1984211050   -0.6705249100
  1   -3.9706668120   -2.6744322190    0.0619419640
  1   -4.3264795670    2.1156792540    0.4426447710
  1   -3.2488432810    2.3827987580   -0.9335945840
  1   -2.5976521130    2.3685463740    0.7103665590
  1   -5.4547074030    0.1917908590    1.5167541710
  1   -5.8766421470   -1.2988694530    0.6491434410
  1   -5.9317195040    0.2586394370   -0.2013876400
