  3    1.7743222750    1.4788588020   -0.0000001090
  3    0.4781065580    0.7056695440    0.0000002140
  3   -0.7457654100    1.3836083700    0.0000001530
  3   -1.9600744450    0.6963281700    0.0000000000
  3   -1.9600744440   -0.6963281710    0.0000000000
  3   -0.7457654080   -1.3836083710   -0.0000001600
  3    0.4781065590   -0.7056695430   -0.0000002240
  3    1.7743222770   -1.4788588010    0.0000001130
  1    2.3857457730    1.2434177340   -0.8775759220
  1    2.3857605850    1.2433951850    0.8775590450
  1    1.5910686490    2.5551407490    0.0000148770
  1   -0.7462022980    2.4702262930    0.0000005870
  1   -2.8959065960    1.2467455780    0.0000000450
  1   -2.8959065930   -1.2467455820   -0.0000000430
  1   -0.7462022980   -2.4702262930   -0.0000006010
  1    2.3857606400   -1.2433951190   -0.8775589850
  1    2.3857457200   -1.2434177980    0.8775759820
  1    1.5910686500   -2.5551407480   -0.0000149600
