  3    3.2262303990    0.5275526100   -0.8870731840
  4    2.0494343590    0.0212622190   -0.1732072260
  3    1.8223932020    0.1331235990    1.1853548660
  3    0.6268348480   -0.4631851920    1.4390438530
  4    0.1382061650   -0.9276714350    0.2318919530
  3    1.0220052780   -0.6243268010   -0.7254889350
  3   -1.1329471100   -1.6530395900    0.0268583070
  3   -2.1940262310   -0.8565255600   -0.7328872430
  3   -2.7512107260    0.3822291570   -0.0024304660
  3   -1.8516226640    1.5332569350    0.0096238820
  4   -1.1498069020    2.4488441700    0.0061216640
  1    4.1208179690    0.0590164820   -0.4801802390
  1    3.1280464210    0.2820914770   -1.9414581530
  1    3.2824538070    1.6077405250   -0.7627483780
  1    2.5253335460    0.6195561050    1.8403201000
  1    0.0836660700   -0.5975554580    2.3592113680
  1    0.9242403170   -0.8648129200   -1.7713824100
  1   -1.4892044080   -1.9320355990    1.0180809290
  1   -0.9014109600   -2.5690789560   -0.5166506780
  1   -1.8262976790   -0.5770012550   -1.7232112570
  1   -3.0315724550   -1.5396706430   -0.8930769840
  1   -3.6749380380    0.7021676700   -0.4924366710
  1   -3.0119119080    0.1380269600    1.0318811590
