  3   -2.1745315850    0.3077412230    0.6928094000
  3   -1.5317062190   -0.3424083380   -0.5360697980
  3   -0.1290593860   -0.8939477810   -0.2737011130
  3    0.9612794560    0.1509205970   -0.1107643480
  5    0.7935704730    1.3189376090   -0.4158359360
  3    2.2817216510   -0.3390520460    0.4385099000
  1   -2.2570143830   -0.4067334630    1.5182100960
  1   -1.5893868920    1.1602903900    1.0471428120
  1   -3.1815698280    0.6691962530    0.4658116540
  1   -1.4843513790    0.3809440840   -1.3559116390
  1   -2.1664152400   -1.1633629380   -0.8851703240
  1    0.1941975940   -1.5325823590   -1.1077351340
  1   -0.1183496750   -1.5517784110    0.6038240670
  1    3.0547731200    0.4184033300    0.3084095540
  1    2.1670270580   -0.5516009060    1.5071195300
  1    2.5863023420   -1.2737987870   -0.0397173770
