  3    1.5514697180   -0.5052506890    0.1209993140
  3    0.6259320130    0.6366507740   -0.3031996030
  3   -0.7721087040    0.5480270530    0.3043543010
  5   -1.4661132570   -0.6550303400   -0.0521208490
  1    2.5327353590   -0.4198989520   -0.3537620560
  1    1.1295008260   -1.4745448530   -0.1553608620
  1    1.7043731040   -0.5060592720    1.2052988780
  1    1.0608069940    1.6014033180   -0.0150319160
  1    0.5327916760    0.6566996850   -1.3968309400
  1   -0.7127538930    0.5343197110    1.3962980720
  1   -1.3642668690    1.4250582400    0.0133172050
  1   -1.5860392960   -0.6532979860   -1.0098856650
