  3    2.9322803740   -0.0000002090    0.0198350820
  3    1.4223521950   -0.0000000200   -0.0076122380
  3    0.6972232150    1.1974002020   -0.0111041010
  3   -0.6972229260    1.1974003620   -0.0111041080
  3   -1.4223522060    0.0000002820   -0.0076122550
  3   -0.6972231080   -1.1974000930   -0.0111041070
  3    0.6972228760   -1.1974002090   -0.0111041040
  3   -2.9322804150   -0.0000000490    0.0198350880
  1    3.3422244170    0.8845887530   -0.4738544300
  1    3.3422241140   -0.8845913180   -0.4738508140
  1    3.3097172470    0.0000018630    1.0486066450
  1    1.2297194370    2.1448383720   -0.0204945980
  1   -1.2297189740    2.1448386250   -0.0204945730
  1   -1.2297193610   -2.1448382640   -0.0204946120
  1    1.2297189590   -2.1448384550   -0.0204945920
  1   -3.3422241080    0.8845994170   -0.4738357770
  1   -3.3422244870   -0.8845806630   -0.4738694560
  1   -3.3097172740   -0.0000199320    1.0486066590
