  3    0.0000000000    0.0000000000    1.3831042020
  3    0.0000000000   -1.1976818500    0.6717796950
  3    0.0000000000   -1.1442368790   -0.7207473210
  4    0.0000000000    0.0000000000   -1.4188307770
  3    0.0000000000    1.1442368790   -0.7207473210
  3    0.0000000000    1.1976818500    0.6717796950
  1    0.0000000000    0.0000000000    2.4680836980
  1    0.0000000000   -2.1551808890    1.1806478520
  1    0.0000000000   -2.0613776750   -1.3042888290
  1    0.0000000000    2.0613776750   -1.3042888290
  1    0.0000000000    2.1551808890    1.1806478520
