  3    0.6756190760    1.2629424610   -0.5278513960
  3   -0.0076502140    0.0000000000    0.0096514380
  3    0.6756282670   -1.2629369010   -0.5278527650
  3   -1.4990188610   -0.0000052460   -0.3202137560
  5    0.0578331610   -0.0000004340    1.4562310770
  1    0.6216183010    1.3109875250   -1.6190962180
  1    1.7322237300    1.2780989150   -0.2414754960
  1    0.1981831500    2.1573971960   -0.1188248900
  1    0.6216277830   -1.3109810780   -1.6190976350
  1    1.7322330760   -1.2780859690   -0.2414769920
  1    0.1981988990   -2.1573956090   -0.1188272890
  1   -1.6571890830   -0.0000044920   -1.4012395100
  1   -1.9834280690   -0.8861670450    0.0988262510
  1   -1.9834346790    0.8861519460    0.0988283720
  1    0.9898319980    0.0000001990    1.7101336720
