  3   -0.5426857210   -1.2083950830   -0.0337538050
  3    0.1527144710    0.0008296110   -0.0445670680
  3   -0.5430898780    1.2094821750   -0.0336726880
  3   -1.9366234860    1.2016822660   -0.0189809810
  3   -2.6566212350    0.0001229230   -0.0067106230
  3   -1.9359336650   -1.2013277680   -0.0188923850
  1   -0.0045606770   -2.1492658740   -0.0497309020
  9    1.9588650030    0.0000576760    0.0064975080
  1   -0.0051505540    2.1503455800   -0.0497006090
  1   -2.4709412740    2.1471399780   -0.0213754130
  3   -4.1641672340   -0.0005939370    0.0374823520
  1   -2.4698282780   -2.1470375650   -0.0211558840
  1   -4.5784712540    0.8908212950   -0.4387578140
  1   -4.5781961240   -0.8813154910   -0.4586208600
  1   -4.5225332540   -0.0125396690    1.0728185290
  5    2.3345888620   -0.0305588780    1.4547181120
  5    2.3980596670    1.2579179920   -0.6651945570
  5    2.3981367030   -1.2285931370   -0.7173818030
