Total-Number-of-Solutes-is 37
Solute0001	Cyclohexane				293.06	354.73	3.96988	1203.526	-50.287
Solute0002	Benzene					287.7	354.07	4.01814	1203.835	-53.226
Solute0003	Hexane					286.18	342.69	4.00266	1171.53		-48.784
Solute0004	Cyclohexene				310.02	364.53	3.9973	1221.9		-49.98
Solute0005	Toluene					308.52	384.66	4.07827	1343.943	-53.773
Solute0006	Acetone					259.16	507.6	4.42448	1312.253	-32.445
Solute0007	2-Propanol				329.92	362.41	4.861	1357.427	-75.814
Solute0008	Tetrahydrofuran			296.29	372.8	4.12118	1202.942	-46.818
Solute0009	Water					255.9	373		4.6543	1435.264	-64.848
Solute0010	Methanol				288.1	356.83	5.20409	1581.341	-33.5
Solute0011	Ethanol					292.77	366.63	5.24677	1598.673	-46.424
Solute0012	1-Propanol				292.4	370.5	5.31384	1690.864	-51.804
Solute0013	1-Butanol				295.8	391		4.54607	1351.555	-93.34
Solute0014	Methoxy-Benzene			383.03	437.26	4.17726	1489.756	-69.607
Solute0015	Benzylalcohol			395.67	478.56	4.47713	1738.9		-89.559
Solute0016	1,2-Ethanediol			323		473		4.97012	1914.951	-84.996
Solute0017	Octane					326.08	399.72	4.04867	1355.126	-63.633
Solute0018	Nonane					343.49	424.94	4.06245	1430.377	-71.355
Solute0019	1-Octene				318.04	395.37	4.05752	1353.486	-60.386
Solute0020	1-Hexene				289.04	337.46	3.99063	1152.971	-47.301
Solute0021	2,2,4-Trimethylpentane	297.51	373.28	3.93679	1257.84		-52.415
Solute0022	1-Nonene				339.76	421.01	4.07879	1435.359	-67.615
Solute0023	Decane					243.49	310.59	0.21021	440.616		-156.896
Solute0024	1-Decene				359.92	444.8	4.08526	1501.872	-75.572
Solute0025	Ethyl-Benzoate			317		486.6	4.76503	2139.509	-37.032
Solute0026	Benzylamine				302		457.7	4.8271	2003.528	-41.973
Solute0027	1-Pentanol				307.1	411		4.68277	1492.549	-91.621
Solute0028	1-Hexanol				325.4	430.5	4.41271	1422.031	-107.706
Solute0029	1-Heptanol				336.8	449.6	3.9794	1256.783	-133.487
Solute0030	1-Octanol				293		353		6.47682	2603.359	-48.799
Solute0031	1-Nonanol				364.8	486.8	3.96157	1373.417	-139.182
Solute0032	1-Decanol				349.37	406.18	4.53321	1742.392	-115.236
Solute0033	1-Dodecanol				376.54	437.61	4.84691	2057.697	-105.421
Solute0034	1-Tetradecanol			424.8	569.1	3.60897	1412.907	-177.782
Solute0035	1-Hexadecanol			415.44	487.32	4.05752	1803.451	-152.831
Solute0036	1-Octadecanol			435.94	518.67	3.8588	1750.833	-172.151
Solute0046	NH3			210.0	420.0	4.86886	1113.928	-10.409
